54.997345 138.0
54.997437 136.0
54.997528 134.0
54.99762 132.0
54.99771 130.0
54.997803 128.0
54.997894 126.0
54.997986 124.0
54.998077 122.0
54.99817 120.0
54.99826 118.0
54.998352 116.0
54.998444 114.0
54.998535 112.0
54.998627 110.0
54.99872 108.0
54.99881 106.0
54.9989 104.0
54.998993 102.0
54.999084 100.0
54.999176 98.0
54.999268 96.0
54.99936 94.0
54.99945 92.0
54.999542 90.0
54.999634 88.0
54.999725 86.0
54.999817 84.0
54.99991 82.0
55.0 80.0
54.99991 82.0
54.999817 84.0
54.999725 86.0
54.999634 88.0
54.999542 90.0
54.99945 92.0
54.99936 94.0
54.999268 96.0
54.999176 98.0
54.999084 100.0
54.998993 102.0
54.9989 104.0
54.99881 106.0
54.99872 108.0
54.998627 110.0
54.998535 112.0
54.998444 114.0
54.998352 116.0
54.99826 118.0
54.99817 120.0
54.998077 122.0
54.997986 124.0
54.997894 126.0
54.997803 128.0
54.99771 130.0
54.99762 132.0
54.997528 134.0
54.997437 136.0
54.997345 138.0
54.997253 140.0
54.9946 198.0
54.99469 196.0
54.99478 194.0
54.994873 192.0
54.994965 190.0
54.995056 188.0
54.995148 186.0
54.99524 184.0
54.99533 182.0
54.995422 180.0
54.995514 178.0
54.995605 176.0
54.995697 174.0
54.99579 172.0
54.99588 170.0
54.99597 168.0
54.996063 166.0
54.996155 164.0
54.996246 162.0
54.996338 160.0
54.99643 158.0
54.99652 156.0
54.996613 154.0
54.996704 152.0
54.996796 150.0
54.996887 148.0
54.99698 146.0
54.99707 144.0
54.99716 142.0
54.997253 140.0
54.99185 258.0
54.991943 256.0
54.992035 254.0
54.992126 252.0
54.992218 250.0
54.99231 248.0
54.9924 246.0
54.992493 244.0
54.992584 242.0
54.992676 240.0
54.992767 238.0
54.99286 236.0
54.99295 234.0
54.993042 232.0
54.993134 230.0
54.993225 228.0
54.993317 226.0
54.99341 224.0
54.9935 222.0
54.99359 220.0
54.993683 218.0
54.993774 216.0
54.993866 214.0
54.993958 212.0
54.99405 210.0
54.99414 208.0
54.994232 206.0
54.994324 204.0
54.994415 202.0
54.994507 200.0
54.989105 318.0
54.989197 316.0
54.98929 314.0
54.98938 312.0
54.98947 310.0
54.989563 308.0
54.989655 306.0
54.989746 304.0
54.989838 302.0
54.98993 300.0
54.99002 298.0
54.990112 296.0
54.990204 294.0
54.990295 292.0
54.990387 290.0
54.99048 288.0
54.99057 286.0
54.99066 284.0
54.990753 282.0
54.990845 280.0
54.990936 278.0
54.991028 276.0
54.99112 274.0
54.99121 272.0
54.991302 270.0
54.991394 268.0
54.991486 266.0
54.991577 264.0
54.99167 262.0
54.99176 260.0
70.33003 332.59692
72.253624 332.05682
74.07016 331.22488
75.735664 330.12125
77.20982 328.77264
78.456955 327.21167
79.44687 325.47617
80.15561 323.60812
80.566 321.65274
80.66814 319.65738
80.459526 317.67032
79.94522 315.73965
79.13768 313.91217
78.05644 312.23203
76.72768 310.73993
75.18356 309.47202
73.46146 308.45895
71.603065 307.72528
69.65336 307.28873
67.65954 307.1599
65.66986 307.3419
63.7325 307.8303
61.89434 308.6133
60.199883 309.67194
58.690144 310.98062
57.401665 312.50763
56.36564 314.216
55.607143 316.06442
55.14454 318.0081
54.98902 320.00003
81.547356 347.65616
81.08475 349.59982
80.326256 351.44824
79.29023 353.15662
78.001755 354.68362
76.49201 355.9923
74.797554 357.05093
72.9594 357.83395
71.02203 358.32236
69.03236 358.50433
67.038536 358.37552
65.08883 357.93896
63.230434 357.2053
61.508335 356.19223
59.964214 354.92432
58.635452 353.43222
57.554214 351.75208
56.74667 349.9246
56.23237 347.99393
56.023758 346.00687
56.12589 344.0115
56.53629 342.05612
57.245026 340.18808
58.23494 338.45258
59.48207 336.8916
60.95623 335.543
62.621735 334.43936
64.43827 333.60742
66.36186 333.06732
68.34595 332.83212
97.043884 358.2611
98.967476 357.721
100.78401 356.88907
102.44952 355.78543
103.923676 354.43683
105.17081 352.87585
106.16072 351.14035
106.86946 349.2723
107.279854 347.31693
107.38199 345.32156
107.17338 343.3345
106.65907 341.40384
105.85153 339.57635
104.770294 337.8962
103.44153 336.4041
101.897415 335.1362
100.17531 334.12314
98.31692 333.38947
96.36721 332.9529
94.37339 332.8241
92.38371 333.00607
90.44635 333.49448
88.60819 334.2775
86.913734 335.33612
85.40399 336.6448
84.11552 338.1718
83.07949 339.8802
82.321 341.7286
81.85839 343.67227
81.70287 345.6642
108.26121 373.32034
107.7986 375.264
107.04011 377.11243
106.00408 378.8208
104.71561 380.3478
103.205864 381.6565
101.511406 382.71512
99.67325 383.49814
97.735886 383.98654
95.74621 384.16852
93.75239 384.0397
91.80268 383.60315
89.94429 382.86948
88.22218 381.8564
86.67807 380.5885
85.349304 379.0964
84.26807 377.41626
83.460526 375.58878
82.94622 373.6581
82.73761 371.67105
82.839745 369.6757
83.25014 367.7203
83.95888 365.85226
84.94879 364.11676
86.19592 362.5558
87.67008 361.20718
89.33559 360.10355
91.15212 359.2716
93.075714 358.7315
95.0598 358.4963
123.75773 383.9253
125.68132 383.3852
127.497856 382.55325
129.16336 381.44962
130.63753 380.101
131.88466 378.54004
132.87457 376.80453
133.58331 374.9365
133.99371 372.9811
134.09584 370.98575
133.88724 368.9987
133.37294 367.06802
132.5654 365.24054
131.48416 363.5604
130.1554 362.0683
128.61128 360.80038
126.889175 359.78732
125.030785 359.05365
123.08108 358.6171
121.08726 358.48828
119.09758 358.67026
117.16022 359.15866
115.32206 359.94168
113.6276 361.0003
112.11786 362.309
110.829384 363.836
109.79336 365.54437
109.03487 367.3928
108.57226 369.33646
108.41674 371.3284
134.97505 398.98453
134.51245 400.9282
133.75395 402.7766
132.71793 404.485
131.42944 406.012
129.9197 407.32068
128.22523 408.3793
126.38708 409.16232
124.449715 409.65073
122.46004 409.8327
120.46622 409.7039
118.51651 409.26733
116.65811 408.53366
114.936005 407.5206
113.39189 406.2527
112.063126 404.7606
110.98189 403.08044
110.17435 401.25296
109.66004 399.3223
109.45143 397.33524
109.553566 395.33987
109.96396 393.3845
110.6727 391.51645
111.66261 389.78094
112.909744 388.21997
114.3839 386.87137
116.04941 385.76773
117.865944 384.9358
119.789536 384.3957
121.77362 384.1605
150.47157 409.58948
152.39517 409.04938
154.2117 408.21744
155.8772 407.1138
157.35136 405.7652
158.5985 404.20422
159.58841 402.46872
160.29715 400.60068
160.70755 398.6453
160.80968 396.64993
160.60107 394.66287
160.08676 392.7322
159.27922 390.90472
158.19798 389.22458
156.86922 387.73248
155.3251 386.46457
153.603 385.4515
151.7446 384.71783
149.79489 384.28128
147.80107 384.15247
145.8114 384.33444
143.87404 384.82285
142.03589 385.60587
140.34143 386.6645
138.83168 387.97318
137.54321 389.50018
136.50719 391.20856
135.74869 393.05698
135.28607 395.00064
135.13055 396.99258
161.6889 424.6487
161.22629 426.59238
160.46779 428.4408
159.43176 430.14917
158.1433 431.67618
156.63354 432.98486
154.93909 434.0435
153.10094 434.8265
151.16357 435.3149
149.1739 435.4969
147.18007 435.36807
145.23038 434.93152
143.37198 434.19785
141.64987 433.18478
140.10576 431.91687
138.777 430.42477
137.69576 428.74463
136.88821 426.91714
136.3739 424.98648
136.1653 422.99942
136.26743 421.00406
136.67783 419.04868
137.38657 417.18063
138.37648 415.44513
139.62361 413.88416
141.09778 412.53555
142.76328 411.43192
144.5798 410.59998
146.5034 410.05988
148.48749 409.82468
160.45822 393.9902
159.84131 392.08984
158.9371 390.3082
157.76747 388.68835
156.36075 387.26953
154.75096 386.0861
152.9771 385.16666
151.08209 384.5335
149.11182 384.20197
147.11397 384.18002
145.13689 384.46826
143.22844 385.0597
141.43483 385.93997
139.79947 387.0878
138.36195 388.4754
137.15706 390.06918
136.21397 391.8306
135.55551 393.71695
135.1976 395.68262
135.14894 397.68
135.41068 399.66077
135.97649 401.57693
136.83267 403.38217
137.95851 405.03275
139.32675 406.48874
140.90427 407.71484
142.65286 408.68143
144.53024 409.36508
146.49094 409.74927
148.48749 409.82468
133.74435 368.32602
133.12744 366.42566
132.22324 364.644
131.0536 363.02417
129.64688 361.60535
128.03711 360.4219
126.26325 359.50247
124.36825 358.86932
122.39797 358.53778
120.40011 358.51584
118.42303 358.80408
116.51459 359.3955
114.72098 360.2758
113.085625 361.4236
111.6481 362.81122
110.44321 364.405
109.50012 366.1664
108.84165 368.05276
108.48376 370.01843
108.43509 372.0158
108.69682 373.99658
109.262634 375.91275
110.11882 377.718
111.24466 379.36856
112.6129 380.82455
114.190414 382.05066
115.93902 383.01724
117.81639 383.7009
119.777084 384.08508
121.77364 384.1605
107.03053 342.66183
106.41362 340.76147
105.50941 338.97983
104.33978 337.36
102.93305 335.94116
101.32327 334.75772
99.549416 333.8383
97.65441 333.20514
95.684135 332.8736
93.68627 332.85165
91.70919 333.1399
89.80075 333.73132
88.00714 334.6116
86.37179 335.75943
84.934265 337.14703
83.72937 338.7408
82.786285 340.50223
82.127815 342.38858
81.76992 344.35425
81.72125 346.35162
81.98299 348.3324
82.5488 350.24857
83.40498 352.0538
84.53082 353.70438
85.89906 355.16037
87.47658 356.38647
89.22518 357.35306
91.102554 358.0367
93.06325 358.4209
95.05981 358.4963
119.78839 409.5881
117.86485 409.04782
116.04839 408.2157
114.38299 407.1119
112.90896 405.76315
111.66197 404.2021
110.67222 402.4665
109.96365 400.59836
109.55344 398.64294
109.45149 396.64758
109.66029 394.66052
110.174774 392.72992
110.98248 390.9025
112.06388 389.22247
113.39278 387.7305
114.93702 386.46274
116.65921 385.44983
118.51768 384.7163
120.46742 384.27997
122.46125 384.1513
124.45091 384.3335
126.38823 384.82208
128.22632 385.60526
129.92068 386.66406
131.4303 387.97287
132.71863 389.49997
133.75449 391.20847
134.51282 393.05695
134.97525 395.00067
135.13058 396.99258
135.13322 338.99258
135.13313 340.99258
135.13304 342.99258
135.13295 344.99258
135.13286 346.99258
135.13277 348.99258
135.13268 350.99258
135.13258 352.99258
135.13249 354.99258
135.1324 356.99258
135.13231 358.99258
135.13222 360.99258
135.13213 362.99258
135.13203 364.99258
135.13194 366.99258
135.13185 368.99258
135.13176 370.99258
135.13167 372.99258
135.13158 374.99258
135.13148 376.99258
135.1314 378.99258
135.1313 380.99258
135.13121 382.99258
135.13112 384.99258
135.13103 386.99258
135.13094 388.99258
135.13084 390.99258
135.13075 392.99258
135.13066 394.99258
135.13057 396.99258
108.41938 313.3284
108.41929 315.3284
108.4192 317.3284
108.419106 319.3284
108.419014 321.3284
108.41892 323.3284
108.41883 325.3284
108.41874 327.3284
108.41865 329.3284
108.41856 331.3284
108.418465 333.3284
108.41837 335.3284
108.41828 337.3284
108.41819 339.3284
108.4181 341.3284
108.41801 343.3284
108.417915 345.3284
108.41782 347.3284
108.41773 349.3284
108.41764 351.3284
108.41755 353.3284
108.41746 355.3284
108.417366 357.3284
108.417274 359.3284
108.41718 361.3284
108.41709 363.3284
108.417 365.3284
108.41691 367.3284
108.41682 369.3284
108.416725 371.3284
93.07454 383.92392
91.151 383.38364
89.33454 382.5515
87.669136 381.44772
86.19511 380.09897
84.94812 378.5379
83.95837 376.8023
83.2498 374.93417
82.839584 372.97876
82.73764 370.9834
82.94644 368.99634
83.46092 367.06573
84.26863 365.2383
85.35003 363.5583
86.678925 362.0663
88.22317 360.79855
89.94536 359.78564
91.803825 359.05212
93.75357 358.61578
95.7474 358.48712
97.73706 358.6693
99.67438 359.1579
101.51246 359.94107
103.20682 360.99988
104.71644 362.3087
106.004776 363.8358
107.04064 365.54428
107.798965 367.39276
108.26139 369.3365
108.416725 371.3284
37.106483 360.823
39.104874 360.74277
41.103264 360.66254
43.101654 360.5823
45.100044 360.50208
47.098434 360.42184
49.096825 360.3416
51.095215 360.26138
53.093605 360.18115
55.091995 360.10092
57.090385 360.0207
59.088776 359.94046
61.087166 359.86023
63.085556 359.78
65.08395 359.69977
67.08234 359.61954
69.08073 359.5393
71.07912 359.45908
73.07751 359.37885
75.0759 359.2986
77.07429 359.21838
79.07268 359.13815
81.07107 359.05792
83.06946 358.9777
85.06785 358.89746
87.06624 358.81723
89.06463 358.737
91.06302 358.65677
93.06141 358.57654
95.0598 358.4963
66.36069 358.25974
64.43715 357.71945
62.62069 356.88733
60.955288 355.78354
59.481255 354.43478
58.23427 352.87372
57.244514 351.13812
56.535954 349.27
56.125736 347.31458
56.02379 345.3192
56.232586 343.33215
56.747066 341.40155
57.554783 339.57413
58.636177 337.8941
59.965076 336.40213
61.509315 335.13437
63.231506 334.12146
65.08997 333.38794
67.03972 332.9516
69.03355 332.82294
71.02321 333.00513
72.960526 333.4937
74.79861 334.2769
76.492966 335.3357
78.00259 336.6445
79.290924 338.1716
80.32679 339.8801
81.08511 341.72858
81.54754 343.6723
81.70287 345.6642
90.534096 412.15137
92.532486 412.07114
94.530876 411.9909
96.52927 411.91068
98.52766 411.83044
100.52605 411.7502
102.52444 411.66998
104.52283 411.58975
106.52122 411.50952
108.51961 411.4293
110.518 411.34906
112.51639 411.26883
114.51478 411.1886
116.51317 411.10837
118.51156 411.02814
120.50995 410.9479
122.50834 410.86768
124.50673 410.78745
126.50512 410.7072
128.50351 410.62698
130.5019 410.54675
132.5003 410.46652
134.4987 410.3863
136.4971 410.30606
138.4955 410.22583
140.4939 410.1456
142.4923 410.06537
144.49069 409.98514
146.48909 409.9049
148.48749 409.82468
206.44102 407.498
204.44263 407.57822
202.44423 407.65845
200.44583 407.73868
198.44743 407.8189
196.44904 407.89914
194.45064 407.97937
192.45224 408.0596
190.45384 408.13983
188.45544 408.22006
186.45705 408.3003
184.45865 408.38052
182.46025 408.46075
180.46185 408.541
178.46346 408.62122
176.46506 408.70145
174.46666 408.78168
172.46826 408.8619
170.46986 408.94214
168.47147 409.02237
166.47307 409.1026
164.47467 409.18283
162.47627 409.26306
160.47787 409.3433
158.47948 409.42352
156.48108 409.50375
154.48268 409.58398
152.48428 409.6642
150.48589 409.74445
148.48749 409.82468
39.646828 332.59552
37.723286 332.05524
35.90683 331.2231
34.24143 330.11932
32.767395 328.77057
31.520409 327.2095
30.530655 325.4739
29.822094 323.60577
29.411877 321.65036
29.30993 319.655
29.518726 317.66794
30.033207 315.73734
30.840923 313.9099
31.922318 312.2299
33.251217 310.7379
34.795456 309.47015
36.517647 308.45724
38.37611 307.72375
40.325855 307.2874
42.31969 307.15875
44.309345 307.34094
46.246662 307.82953
48.084747 308.6127
49.779106 309.6715
51.288727 310.98032
52.57706 312.50742
53.61293 314.2159
54.371254 316.0644
54.83368 318.00812
54.989014 320.00003
80.31668 316.99765
79.69977 315.0973
78.795555 313.31564
77.62593 311.6958
76.2192 310.27698
74.60942 309.09354
72.83556 308.1741
70.94056 307.54095
68.97028 307.2094
66.97242 307.18747
64.99534 307.4757
63.0869 308.06714
61.29329 308.94742
59.657932 310.09525
58.22041 311.48285
57.01552 313.07663
56.07243 314.83804
55.413963 316.7244
55.05607 318.69006
55.0074 320.68744
55.26914 322.6682
55.83495 324.58438
56.691135 326.38962
57.81697 328.0402
59.185207 329.4962
60.762722 330.7223
62.51133 331.68887
64.3887 332.37253
66.349396 332.7567
68.345955 332.83212
108.41407 429.3284
108.41416 427.3284
108.41425 425.3284
108.414345 423.3284
108.41444 421.3284
108.41453 419.3284
108.41462 417.3284
108.41471 415.3284
108.4148 413.3284
108.414894 411.3284
108.414986 409.3284
108.41508 407.3284
108.41517 405.3284
108.41526 403.3284
108.41535 401.3284
108.41544 399.3284
108.415535 397.3284
108.41563 395.3284
108.41572 393.3284
108.41581 391.3284
108.4159 389.3284
108.41599 387.3284
108.416084 385.3284
108.416176 383.3284
108.41627 381.3284
108.41636 379.3284
108.41645 377.3284
108.41654 375.3284
108.41663 373.3284
108.416725 371.3284
63.820328 386.48718
65.81872 386.40695
67.81711 386.32672
69.8155 386.2465
71.81389 386.16626
73.81228 386.08603
75.81067 386.0058
77.80906 385.92557
79.80745 385.84534
81.80584 385.7651
83.80423 385.68488
85.80262 385.60464
87.80101 385.5244
89.7994 385.44418
91.79779 385.36395
93.79618 385.28372
95.79457 385.2035
97.79296 385.12326
99.79135 385.04303
101.78974 384.9628
103.78813 384.88257
105.78652 384.80234
107.78491 384.7221
109.7833 384.64188
111.78169 384.56165
113.78008 384.4814
115.77847 384.40118
117.77686 384.32095
119.77525 384.24072
121.77364 384.1605
81.70022 403.6642
81.70031 401.6642
81.7004 399.6642
81.70049 397.6642
81.700584 395.6642
81.700676 393.6642
81.70077 391.6642
81.70086 389.6642
81.70095 387.6642
81.70104 385.6642
81.70113 383.6642
81.701225 381.6642
81.70132 379.6642
81.70141 377.6642
81.7015 375.6642
81.70159 373.6642
81.70168 371.6642
81.701775 369.6642
81.701866 367.6642
81.70196 365.6642
81.70205 363.6642
81.70214 361.6642
81.70223 359.6642
81.702324 357.6642
81.702415 355.6642
81.70251 353.6642
81.7026 351.6642
81.70269 349.6642
81.70278 347.6642
81.70287 345.6642
179.72716 381.8338
177.72876 381.91403
175.73036 381.99426
173.73196 382.0745
171.73357 382.15472
169.73517 382.23495
167.73677 382.3152
165.73837 382.39542
163.73997 382.47565
161.74158 382.55588
159.74318 382.6361
157.74478 382.71634
155.74638 382.79657
153.74799 382.8768
151.74959 382.95703
149.75119 383.03726
147.75279 383.1175
145.7544 383.19772
143.756 383.27795
141.7576 383.3582
139.7592 383.43842
137.7608 383.51865
135.7624 383.59888
133.764 383.6791
131.76561 383.75934
129.76721 383.83957
127.76882 383.9198
125.77043 384.00003
123.77204 384.08026
121.77365 384.1605
10.392632 335.1588
12.391022 335.07858
14.389412 334.99835
16.387802 334.91812
18.386192 334.8379
20.384583 334.75766
22.382973 334.67743
24.381363 334.5972
26.379753 334.51697
28.378143 334.43674
30.376534 334.3565
32.374924 334.27628
34.373314 334.19604
36.371704 334.1158
38.370094 334.03558
40.368484 333.95535
42.366875 333.87512
44.365265 333.7949
46.363655 333.71466
48.362045 333.63443
50.360435 333.5542
52.358826 333.47397
54.357216 333.39374
56.355606 333.3135
58.353996 333.23328
60.352386 333.15305
62.350777 333.0728
64.34917 332.99258
66.34756 332.91235
68.34595 332.83212
126.29926 330.50543
124.30087 330.58566
122.30248 330.6659
120.30409 330.74612
118.3057 330.82635
116.30731 330.9066
114.30892 330.98682
112.31053 331.06705
110.31214 331.14728
108.31375 331.2275
106.31536 331.30774
104.31697 331.38797
102.31858 331.4682
100.32019 331.54843
98.3218 331.62866
96.32341 331.7089
94.32502 331.78912
92.32663 331.86935
90.32824 331.9496
88.32985 332.02982
86.33146 332.11005
84.33307 332.19028
82.33468 332.2705
80.33629 332.35074
78.3379 332.43097
76.33951 332.5112
74.34112 332.59143
72.34273 332.67166
70.34434 332.7519
68.34595 332.83212
153.01321 356.16962
151.01482 356.24985
149.01642 356.33008
147.01802 356.4103
145.01962 356.49054
143.02122 356.57077
141.02283 356.651
139.02443 356.73123
137.02603 356.81146
135.02763 356.8917
133.02924 356.97192
131.03084 357.05215
129.03244 357.1324
127.03405 357.21262
125.03566 357.29285
123.03727 357.37308
121.03888 357.4533
119.04049 357.53354
117.0421 357.61377
115.04371 357.694
113.04532 357.77423
111.04693 357.85446
109.04854 357.9347
107.05015 358.01492
105.05176 358.09515
103.05337 358.17538
101.05498 358.2556
99.05659 358.33585
97.0582 358.41608
95.05981 358.4963
135.12791 454.99258
135.128 452.99258
135.1281 450.99258
135.12819 448.99258
135.12828 446.99258
135.12837 444.99258
135.12846 442.99258
135.12856 440.99258
135.12865 438.99258
135.12874 436.99258
135.12883 434.99258
135.12892 432.99258
135.12901 430.99258
135.1291 428.99258
135.1292 426.99258
135.12929 424.99258
135.12938 422.99258
135.12947 420.99258
135.12956 418.99258
135.12965 416.99258
135.12975 414.99258
135.12984 412.99258
135.12993 410.99258
135.13002 408.99258
135.13011 406.99258
135.1302 404.99258
135.1303 402.99258
135.13039 400.99258
135.13048 398.99258
135.13057 396.99258
54.98636 378.0
54.98645 376.0
54.98654 374.0
54.986633 372.0
54.986725 370.0
54.986816 368.0
54.986908 366.0
54.987 364.0
54.98709 362.0
54.987183 360.0
54.987274 358.0
54.987366 356.0
54.987457 354.0
54.98755 352.0
54.98764 350.0
54.987732 348.0
54.987823 346.0
54.987915 344.0
54.988007 342.0
54.9881 340.0
54.98819 338.0
54.98828 336.0
54.988373 334.0
54.988464 332.0
54.988556 330.0
54.988647 328.0
54.98874 326.0
54.98883 324.0
54.988922 322.0
54.989014 320.0
732.24945 562.1653
731.78687 564.109
731.0283 565.9574
729.9923 567.6658
728.70386 569.1928
727.1941 570.50146
725.49963 571.5601
723.6615 572.3431
721.7241 572.8315
719.73444 573.0135
717.7406 572.88464
715.7909 572.4481
713.9325 571.7144
712.21045 570.70135
710.6663 569.4335
709.3375 567.9414
708.2563 566.2612
707.4487 564.4337
706.93445 562.5031
706.7258 560.51605
706.828 558.5206
707.2384 556.5653
707.9471 554.6972
708.937 552.96173
710.18414 551.40076
711.6583 550.0521
713.3238 548.9485
715.1404 548.1166
717.06396 547.5765
719.04803 547.34125
721.04456 547.4167
723.0053 547.80084
724.8826 548.4845
726.6313 549.4511
728.2088 550.67725
729.577 552.1332
730.7028 553.78375
731.559 555.589
732.1248 557.5052
732.3866 559.48596
732.3379 561.48334
731.98004 563.44904
731.32153 565.3354
730.3785 567.09674
729.1736 568.69055
727.736 570.0781
726.1007 571.226
724.30707 572.10626
722.3986 572.6977
720.4216 572.9859
718.4237 572.964
716.4534 572.63245
714.5584 571.99927
712.78455 571.0799
711.1748 569.8964
709.76807 568.4776
708.59845 566.8578
707.6942 565.0761
707.07733 563.1758
706.76263 561.2027
706.44794 559.2296
705.83105 557.3293
704.9268 555.5476
703.7572 553.9278
702.35046 552.509
700.7407 551.3255
698.96686 550.4061
697.07184 549.77295
695.10156 549.4414
693.1037 549.4195
691.12665 549.7077
689.2182 550.29913
687.42456 551.1794
685.78925 552.3273
684.3517 553.71484
683.1468 555.30865
682.20374 557.07
681.5452 558.95636
681.1874 560.92206
681.1387 562.91943
681.40045 564.9002
681.96625 566.8164
682.82245 568.62164
683.94824 570.2722
685.31647 571.72815
686.894 572.9543
688.64264 573.9209
690.51996 574.60455
692.4807 574.9887
694.47723 575.06415
696.4613 574.8289
698.3849 574.2888
700.2015 573.4569
701.86694 572.3533
703.3411 571.00464
704.58826 569.44366
705.5782 567.7082
706.28687 565.8401
706.69727 563.88477
706.79944 561.88934
706.5908 559.9023
706.07654 557.9717
705.269 556.14417
704.18774 554.464
702.85895 552.9719
701.3148 551.70404
699.5928 550.691
697.7344 549.9573
695.78467 549.52075
693.79083 549.3919
691.80115 549.5739
689.8638 550.0623
688.02563 550.8453
686.3312 551.90393
684.8214 553.2126
683.53296 554.7396
682.49695 556.448
681.7384 558.2964
681.2758 560.2401
681.1203 562.232
680.9648 564.2239
680.5022 566.1676
679.74365 568.016
678.70764 569.72437
677.4192 571.2514
675.9094 572.56006
674.21497 573.6187
672.37683 574.4017
670.43945 574.8901
668.44977 575.0721
666.45593 574.94324
664.5062 574.5067
662.6478 573.773
660.9258 572.75995
659.38165 571.49207
658.05286 570.0
656.9716 568.3198
656.16406 566.4923
655.6498 564.5617
655.44116 562.57465
655.54333 560.5792
655.95374 558.6239
656.6624 556.7558
657.65234 555.0203
658.8995 553.45935
660.37366 552.1107
662.0391 551.0071
663.8557 550.1752
665.7793 549.6351
667.76337 549.39984
669.7599 549.4753
671.72064 549.85944
673.59796 550.5431
675.3466 551.5097
676.92413 552.73584
678.29236 554.1918
679.41815 555.84235
680.27435 557.6476
680.84015 559.5638
681.1019 561.54456
681.0532 563.54193
680.6954 565.5076
680.03687 567.394
679.0938 569.15533
677.8889 570.74915
676.45135 572.1367
674.81604 573.2846
673.0224 574.16486
671.11395 574.7563
669.1369 575.0445
667.13904 575.0226
665.16876 574.69104
663.27374 574.05786
661.4999 573.1385
659.89014 571.955
658.4834 570.5362
657.3138 568.9164
656.40955 567.1347
655.79266 565.2344
655.47797 563.2613
655.16327 561.2882
654.5464 559.3879
653.64215 557.6062
652.47253 555.9864
651.0658 554.56757
649.45605 553.3841
647.6822 552.4647
645.7872 551.83154
643.8169 551.5
641.81903 551.4781
639.842 551.7663
637.93353 552.3577
636.1399 553.238
634.5046 554.38586
633.067 555.77344
631.8621 557.36725
630.91907 559.1286
630.26056 561.01495
629.9027 562.98065
629.854 564.978
630.1158 566.9588
630.6816 568.875
631.5378 570.68024
632.6636 572.3308
634.0318 573.78674
635.6093 575.0129
637.358 575.9795
639.2353 576.66315
641.19604 577.0473
643.19257 577.12274
645.17664 576.8875
647.1002 576.3474
648.9168 575.5155
650.5823 574.41187
652.05646 573.06323
653.3036 571.50226
654.2935 569.7668
655.0022 567.8987
655.4126 565.94336
655.5148 563.94794
655.30615 561.9609
654.7919 560.0303
653.9843 558.20276
652.9031 556.5226
651.5743 555.0305
650.03015 553.76263
648.3081 552.7496
646.4497 552.01587
644.5 551.57935
642.50616 551.4505
640.5165 551.6325
638.5791 552.1209
636.74097 552.9039
635.0465 553.9625
633.53674 555.2712
632.2483 556.7982
631.2123 558.5066
630.45374 560.355
629.99115 562.2987
629.83563 564.2906
629.6801 566.2825
629.2175 568.2262
628.459 570.0746
627.423 571.78296
626.1345 573.31
624.62476 574.61865
622.9303 575.6773
621.09216 576.46027
619.1548 576.94867
617.1651 577.1307
615.17126 577.00183
613.22156 576.5653
611.36316 575.8316
609.6411 574.81854
608.097 573.55066
606.7682 572.0586
605.68695 570.3784
604.8794 568.5509
604.3651 566.6203
604.1565 564.63324
604.25867 562.6378
604.66907 560.6825
605.37775 558.8144
606.3677 557.0789
607.6148 555.51794
609.089 554.1693
610.75446 553.0657
612.57104 552.23376
614.4946 551.69366
616.4787 551.45844
618.4752 551.5339
620.436 551.918
622.3133 552.6017
624.06195 553.5683
625.63947 554.79443
627.0077 556.25037
628.1335 557.90094
628.9897 559.7062
629.5555 561.6224
629.81726 563.60315
629.76855 565.6005
629.4107 567.5662
628.7522 569.4526
627.80914 571.2139
626.60425 572.80774
625.1667 574.1953
623.5314 575.3432
621.73773 576.22345
619.8293 576.8149
617.85223 577.1031
615.8544 577.0812
613.8841 576.74963
611.9891 576.11646
610.2152 575.1971
608.60547 574.0136
607.1987 572.5948
606.0291 570.975
605.1249 569.1933
604.508 567.29297
604.1933 565.3199
603.8786 563.3468
603.2617 561.4465
602.3575 559.6648
601.18787 558.045
599.7811 556.62616
598.1714 555.4427
596.3975 554.5233
594.5025 553.89014
592.5322 553.5586
590.53436 553.5367
588.5573 553.8249
586.64886 554.4163
584.8552 555.2966
583.2199 556.44446
581.78235 557.83203
580.57745 559.42584
579.6344 561.1872
578.9759 563.07355
578.61804 565.03925
578.56934 567.0366
578.8311 569.0174
579.3969 570.9336
580.2531 572.73883
581.3789 574.3894
582.74713 575.84534
584.32465 577.0715
586.0733 578.0381
587.9506 578.72174
589.9114 579.1059
591.9079 579.18134
593.89197 578.9461
595.81555 578.406
597.63214 577.5741
599.2976 576.47046
600.7718 575.1218
602.0189 573.56085
603.00885 571.8254
603.7175 569.9573
604.1279 568.00195
604.2301 566.00653
604.0215 564.0195
603.5072 562.08887
602.69965 560.26135
601.6184 558.5812
600.2896 557.0891
598.7455 555.8212
597.02344 554.80817
595.16504 554.07446
593.21533 553.63794
591.2215 553.5091
589.2318 553.6911
587.29443 554.1795
585.4563 554.96246
583.76184 556.0211
582.2521 557.3298
580.9636 558.8568
579.9276 560.5652
579.16907 562.4136
578.7065 564.3573
578.55096 566.3492
578.39545 568.34106
577.93286 570.2848
577.1743 572.1332
576.1383 573.84155
574.84985 575.3686
573.3401 576.67725
571.6456 577.7359
569.8075 578.51886
567.8701 579.00726
565.88043 579.1893
563.8866 579.0604
561.9369 578.6239
560.0785 577.8902
558.35645 576.87714
556.8123 575.60925
555.4835 574.1172
554.4023 572.437
553.5947 570.6095
553.08044 568.6789
552.8718 566.69183
552.974 564.6964
553.3844 562.7411
554.0931 560.873
555.083 559.1375
556.33014 557.57654
557.8043 556.2279
559.4698 555.12427
561.2864 554.29236
563.20996 553.75226
565.19403 553.517
567.19055 553.59247
569.1513 553.9766
571.0286 554.6603
572.7773 555.6269
574.3548 556.853
575.723 558.30896
576.8488 559.95953
577.705 561.7648
578.2708 563.68097
578.5326 565.66174
578.4839 567.6591
578.12604 569.6248
577.4675 571.51117
576.5245 573.2725
575.3196 574.86633
573.882 576.2539
572.2467 577.4018
570.45306 578.28204
568.5446 578.8735
566.56757 579.1617
564.5697 579.1398
562.5994 578.8082
560.7044 578.17505
558.93054 577.2557
557.3208 576.0722
555.91406 574.6534
554.74445 573.03357
553.8402 571.2519
553.2233 569.35156
552.9086 567.3785
552.59393 565.4054
551.97705 563.50507
551.0728 561.7234
549.9032 560.1036
548.49646 558.68475
546.8867 557.5013
545.11285 556.5819
543.21783 555.9487
541.24756 555.6172
539.2497 555.5953
537.27264 555.8835
535.3642 556.4749
533.57056 557.35516
531.93524 558.50305
530.4977 559.8906
529.2928 561.48444
528.34973 563.2458
527.6912 565.13214
527.3334 567.09784
527.28467 569.0952
527.54645 571.076
528.11224 572.9922
528.96844 574.7974
530.09424 576.448
531.46246 577.90393
533.04 579.13007
534.78864 580.0967
536.66595 580.78033
538.6267 581.1645
540.6232 581.2399
542.6073 581.0047
544.5309 580.4646
546.3475 579.6327
548.01294 578.52905
549.4871 577.1804
550.73425 575.61945
551.7242 573.884
552.43286 572.01587
552.84326 570.06055
552.94543 568.0651
552.7368 566.07806
552.22253 564.14746
551.415 562.31995
550.33374 560.6398
549.00494 559.1477
547.4608 557.8798
545.7388 556.86676
543.8804 556.13306
541.93066 555.69653
539.9368 555.5677
537.94714 555.7497
536.00977 556.2381
534.17163 557.02106
532.4772 558.0797
530.9674 559.38837
529.67896 560.9154
528.64294 562.6238
527.8844 564.47217
527.4218 566.4159
527.2663 568.4078
527.1108 570.39966
526.6482 572.3434
525.88965 574.1918
524.85364 575.90015
523.5652 577.4272
522.0554 578.73584
520.36096 579.7945
518.5228 580.57745
516.58545 581.06586
514.59576 581.24786
512.6019 581.119
510.65225 580.6825
508.79385 579.9488
507.07175 578.9357
505.52762 577.66785
504.19888 576.1758
503.11765 574.4956
502.3101 572.6681
501.79578 570.7375
501.5872 568.7504
501.6893 566.755
502.0997 564.7997
502.80844 562.9316
503.79834 561.1961
505.04547 559.63513
506.51965 558.2865
508.18515 557.18286
510.00168 556.35095
511.92526 555.81085
513.90936 555.5756
515.9059 555.65106
517.86664 556.0352
519.74396 556.7189
521.4926 557.6855
523.0701 558.9116
524.43835 560.36755
525.56415 562.0181
526.42035 563.82336
526.98615 565.73956
527.2479 567.72034
527.1992 569.7177
526.8414 571.6834
526.18286 573.56976
525.2398 575.3311
524.0349 576.9249
522.59735 578.3125
520.96204 579.4604
519.1684 580.34064
517.25995 580.93207
515.2829 581.2203
513.28503 581.19836
511.31476 580.8668
509.41974 580.23364
507.64587 579.3143
506.0361 578.1308
504.6294 576.712
503.45975 575.09216
502.55554 573.3105
501.93863 571.41016
501.62396 569.4371
501.3093 567.464
500.69238 565.56366
499.78818 563.782
498.61853 562.1622
497.21182 560.74335
495.60205 559.5599
493.8282 558.6405
491.93317 558.0073
489.9629 557.6758
487.96503 557.6539
485.98795 557.9421
484.07953 558.5335
482.28592 559.41376
480.65054 560.56165
479.213 561.9492
478.00815 563.543
477.06503 565.3044
476.4066 567.19073
476.04868 569.15643
476.0 571.1538
476.26175 573.1346
476.82758 575.0508
477.68375 576.856
478.8096 578.5066
480.17783 579.9625
481.75534 581.18866
483.50394 582.1553
485.38132 582.8389
487.342 583.2231
489.33856 583.2985
491.32266 583.0633
493.24625 582.5232
495.06277 581.6913
496.72827 580.58765
498.20245 579.239
499.4496 577.67804
500.43948 575.94257
501.14822 574.07446
501.55862 572.11914
501.66074 570.1237
501.45215 568.13666
500.93784 566.20605
500.13028 564.37854
499.04904 562.69836
497.72028 561.2063
496.17618 559.9384
494.45407 558.92535
492.59567 558.19165
490.64597 557.7551
488.65216 557.6263
486.66248 557.8083
484.7251 558.2967
482.88696 559.07965
481.1925 560.1383
479.68277 561.44696
478.3943 562.974
477.35825 564.6824
476.59976 566.53076
476.13715 568.4745
475.98163 570.4664
475.8261 572.45825
475.3635 574.402
474.605 576.25037
473.56897 577.95874
472.2805 579.4858
470.77075 580.79443
469.0763 581.8531
467.23816 582.63605
465.30078 583.12445
463.3111 583.30646
461.3173 583.1776
459.36758 582.7411
457.5092 582.0074
455.78708 580.9943
454.24295 579.72644
452.9142 578.2344
451.83298 576.5542
451.02542 574.7267
450.5111 572.7961
450.30252 570.809
450.40463 568.8136
450.81503 566.8583
451.52377 564.9902
452.51367 563.2547
453.7608 561.6937
455.235 560.3451
456.90048 559.24146
458.717 558.40955
460.6406 557.86945
462.6247 557.6342
464.62125 557.70966
466.58194 558.0938
468.45932 558.77747
470.20792 559.7441
471.78543 560.9702
473.15366 562.42615
474.2795 564.0767
475.13568 565.88196
475.7015 567.79816
475.96326 569.77893
475.91458 571.7763
475.55667 573.742
474.89822 575.62836
473.9551 577.3897
472.75024 578.9835
471.3127 580.3711
469.67734 581.519
467.88373 582.39923
465.9753 582.99066
463.99823 583.2789
462.00037 583.25696
460.0301 582.9254
458.13507 582.29224
456.3612 581.37286
454.75143 580.1894
453.34473 578.77057
452.17508 577.15076
451.27087 575.3691
450.65396 573.46875
450.3393 571.49567
450.02463 569.5226
449.4077 567.62225
448.5035 565.8406
447.33386 564.22076
445.92715 562.80194
444.31738 561.61847
442.54352 560.6991
440.6485 560.0659
438.67822 559.7344
436.68036 559.71246
434.70328 560.0007
432.79486 560.5921
431.00125 561.47235
429.36588 562.62024
427.92834 564.0078
426.72348 565.6016
425.78036 567.363
425.12192 569.2493
424.764 571.215
424.71533 573.2124
424.97708 575.1932
425.5429 577.1094
426.39908 578.9146
427.52493 580.5652
428.89316 582.0211
430.47067 583.24725
432.21927 584.21387
434.09665 584.8975
436.05734 585.2817
438.0539 585.3571
440.038 585.1219
441.96158 584.5818
443.7781 583.7499
445.4436 582.64624
446.9178 581.2976
448.16492 579.73663
449.15482 578.00116
449.86356 576.13306
450.27396 574.17773
450.37607 572.1823
450.16748 570.19525
449.65317 568.26465
448.8456 566.43713
447.76437 564.75696
446.4356 563.2649
444.8915 561.997
443.1694 560.98395
441.311 560.25024
439.3613 559.8137
437.3675 559.6849
435.3778 559.8669
433.44043 560.3553
431.6023 561.13824
429.90784 562.1969
428.3981 563.50555
427.10962 565.0326
426.07358 566.74097
425.3151 568.58936
424.85248 570.5331
424.69696 572.52496
424.54144 574.51685
424.07883 576.4606
423.32034 578.30896
422.2843 580.01733
420.99582 581.5444
419.48608 582.853
417.79163 583.9117
415.9535 584.69464
414.0161 585.18304
412.02643 585.36505
410.03262 585.2362
408.08292 584.7997
406.22452 584.066
404.5024 583.0529
402.95828 581.78503
401.62955 580.29297
400.5483 578.6128
399.74075 576.7853
399.22644 574.8547
399.01785 572.8676
399.11996 570.8722
399.53036 568.9169
400.2391 567.04877
401.229 565.3133
402.47614 563.7523
403.95032 562.4037
405.6158 561.30005
407.43234 560.46814
409.35593 559.92804
411.34003 559.6928
413.33658 559.76825
415.29727 560.1524
417.17465 560.83606
418.92325 561.8027
420.50076 563.0288
421.869 564.48474
422.99484 566.1353
423.851 567.94055
424.41684 569.85675
424.6786 571.8375
424.6299 573.8349
424.272 575.8006
423.61356 577.68695
422.67044 579.4483
421.46558 581.0421
420.02805 582.4297
418.39267 583.5776
416.59906 584.4578
414.69064 585.04926
412.71356 585.33746
410.7157 585.31555
408.74542 584.984
406.8504 584.3508
405.07654 583.43146
403.46677 582.248
402.06006 580.82916
400.8904 579.20935
399.9862 577.4277
399.3693 575.52734
399.05463 573.55426
398.73996 571.5812
398.12305 569.68085
397.21884 567.8992
396.0492 566.27936
394.6425 564.86053
393.0327 563.67706
391.25885 562.7577
389.36383 562.1245
387.39355 561.79297
385.3957 561.77106
383.4186 562.05927
381.5102 562.6507
379.71658 563.53094
378.0812 564.67883
376.64368 566.0664
375.4388 567.6602
374.4957 569.4216
373.83725 571.3079
373.47934 573.2736
373.43066 575.271
373.6924 577.2518
374.25824 579.16797
375.1144 580.9732
376.24026 582.6238
377.6085 584.0797
379.186 585.30585
380.9346 586.27246
382.81198 586.9561
384.77267 587.3403
386.76923 587.4157
388.75333 587.1805
390.6769 586.6404
392.49344 585.8085
394.15894 584.70483
395.63312 583.3562
396.88025 581.7952
397.87015 580.05975
398.5789 578.19165
398.9893 576.2363
399.0914 574.2409
398.8828 572.25385
398.3685 570.32324
397.56094 568.4957
396.4797 566.81555
395.15094 565.3235
393.60684 564.0556
391.88474 563.04254
390.02634 562.30884
388.07663 561.8723
386.08282 561.74347
384.09314 561.9255
382.15576 562.4139
380.31763 563.19684
378.62317 564.2555
377.11343 565.56415
375.82495 567.0912
374.7889 568.79956
374.03043 570.64795
373.5678 572.5917
373.4123 574.58356
373.25677 576.57544
372.79416 578.51917
372.03568 580.36755
370.99963 582.0759
369.71115 583.60297
368.20142 584.9116
366.50696 585.9703
364.66882 586.75323
362.73145 587.24164
360.74176 587.42365
358.74796 587.2948
356.79825 586.8583
354.93985 586.1246
353.21774 585.1115
351.6736 583.8436
350.34488 582.35156
349.26364 580.6714
348.4561 578.8439
347.94177 576.91327
347.7332 574.9262
347.8353 572.9308
348.2457 570.97546
348.95444 569.10736
349.94434 567.3719
351.19147 565.8109
352.66565 564.4623
354.33115 563.35864
356.14767 562.52673
358.07126 561.98663
360.05536 561.7514
362.0519 561.82684
364.0126 562.211
365.88998 562.89465
367.63858 563.86127
369.2161 565.0874
370.58432 566.54333
371.71017 568.1939
372.56635 569.99915
373.13217 571.91534
373.39392 573.8961
373.34525 575.8935
372.98734 577.8592
372.3289 579.74554
371.38577 581.5069
370.1809 583.1007
368.74338 584.4883
367.108 585.63617
365.3144 586.5164
363.40598 587.10785
361.4289 587.39606
359.43103 587.37415
357.46075 587.0426
355.56573 586.4094
353.79187 585.49005
352.1821 584.3066
350.7754 582.88776
349.60574 581.26794
348.70154 579.48627
348.08463 577.58594
347.76996 575.61285
347.4553 573.6398
346.83838 571.73944
345.93417 569.95776
344.76453 568.33795
343.35782 566.9191
341.74805 565.73566
339.97418 564.8163
338.07916 564.1831
336.1089 563.85156
334.11102 563.82965
332.13394 564.11786
330.22552 564.7093
328.43192 565.58954
326.79654 566.7374
325.359 568.125
324.15414 569.7188
323.21103 571.48016
322.55258 573.3665
322.19467 575.3322
322.146 577.3296
322.40775 579.31036
322.97357 581.22656
323.82974 583.0318
324.9556 584.6824
326.32382 586.1383
327.90134 587.36444
329.64993 588.33105
331.5273 589.0147
333.488 589.39886
335.48456 589.4743
337.46866 589.2391
339.39224 588.699
341.20877 587.86707
342.87427 586.7634
344.34845 585.4148
345.59558 583.8538
346.58548 582.11835
347.29422 580.25024
347.70462 578.2949
347.80673 576.2995
347.59814 574.3125
347.08383 572.38184
346.2763 570.5543
345.19504 568.8742
343.8663 567.3821
342.32217 566.1142
340.60007 565.10114
338.74167 564.36743
336.79196 563.9309
334.79816 563.80206
332.80847 563.9841
330.87112 564.4725
329.03296 565.25543
327.3385 566.3141
325.82877 567.62274
324.54028 569.1498
323.50424 570.85815
322.74576 572.70654
322.28314 574.65027
322.12762 576.64215
321.9721 578.63403
321.5095 580.57776
320.751 582.42615
319.71497 584.1345
318.42648 585.66156
316.91675 586.9702
315.2223 588.0289
313.38412 588.8118
311.44678 589.30023
309.4571 589.48224
307.4633 589.3534
305.51358 588.9169
303.65518 588.18317
301.93307 587.1701
300.38895 585.9022
299.0602 584.4101
297.97894 582.73
297.17142 580.90247
296.6571 578.9718
296.44852 576.9848
296.55063 574.9894
296.96103 573.03406
297.66977 571.16595
298.65967 569.4305
299.9068 567.8695
301.38098 566.5209
303.04648 565.41724
304.863 564.5853
306.7866 564.0452
308.7707 563.81
310.7548 563.57477
312.67838 563.03467
314.4949 562.20276
316.1604 561.0991
317.63458 559.7505
318.8817 558.1895
319.8716 556.45404
320.58035 554.58594
320.99075 552.6306
321.09286 550.6352
320.88428 548.6482
320.36996 546.7175
319.56244 544.89
318.48117 543.2099
317.15244 541.7178
315.6083 540.4499
313.8862 539.4368
312.0278 538.7031
310.0781 538.2666
308.0843 538.13776
306.0946 538.31976
304.15726 538.80817
302.3191 539.5911
300.62463 540.6498
299.1149 541.95844
297.82642 543.4855
296.79037 545.19385
296.0319 547.04224
295.56927 548.98596
295.41376 550.97784
295.25824 552.9697
294.79562 554.91345
294.03714 556.76184
293.0011 558.4702
291.71262 559.99725
290.20288 561.3059
288.50842 562.36456
286.67026 563.1475
284.7329 563.6359
282.74323 563.81793
280.74942 563.6891
278.7997 563.25256
276.9413 562.51886
275.2192 561.5058
273.67508 560.2379
272.34634 558.7458
271.26508 557.0657
270.45755 555.23816
269.94324 553.3075
269.73465 551.3205
269.83676 549.3251
270.24716 547.36975
270.9559 545.50165
271.9458 543.7662
273.19293 542.2052
274.6671 540.85657
276.3326 539.7529
278.14914 538.921
280.07272 538.3809
282.05682 538.1457
284.04092 537.91046
285.9645 537.37036
287.78104 536.53845
289.44653 535.4348
290.92072 534.0862
292.16785 532.5252
293.15775 530.78973
293.8665 528.92163
294.2769 526.9663
294.379 524.9709
294.1704 522.9839
293.6561 521.0532
292.84857 519.2257
291.7673 517.5456
290.43857 516.05347
288.89444 514.7856
287.17233 513.7725
285.31393 513.0388
283.36423 512.6023
281.37042 512.47345
279.38074 512.65546
277.4434 513.14386
275.60522 513.9268
273.91077 514.9855
272.40103 516.2941
271.11255 517.82117
270.0765 519.52954
269.31802 521.3779
268.8554 523.32166
268.6999 525.31354
268.5444 527.3054
268.0818 529.24915
267.3233 531.09753
266.2873 532.8059
264.9988 534.33295
263.48907 535.6416
261.79462 536.70026
259.95645 537.4832
258.01907 537.9716
256.0294 538.1536
254.03555 538.0248
252.08586 537.58826
250.22746 536.85455
248.50536 535.8415
246.96124 534.5736
245.63248 533.0815
244.55124 531.40137
243.7437 529.57385
243.2294 527.6432
243.0208 525.6562
243.12292 523.66077
243.53333 521.70544
244.24207 519.83734
245.23198 518.10187
246.47911 516.5409
247.95328 515.19226
249.61877 514.0886
251.4353 513.2567
253.3589 512.7166
255.34299 512.4814
257.3271 512.2462
259.25067 511.70612
261.0672 510.87418
262.7327 509.77054
264.20688 508.42194
265.454 506.86096
266.44394 505.12546
267.15268 503.25742
267.56308 501.30203
267.6652 499.30667
267.45657 497.3196
266.94226 495.38895
266.1347 493.56146
265.05347 491.88132
263.7247 490.38922
262.18057 489.1213
260.45847 488.10825
258.60007 487.37457
256.65036 486.93802
254.65654 486.8092
252.66687 486.99118
250.7295 487.47958
248.89136 488.2626
247.1969 489.32123
245.68715 490.6299
244.39868 492.15692
243.36266 493.8653
242.60416 495.7137
242.14154 497.65738
241.98602 499.64932
241.8305 501.6412
241.36789 503.58487
240.60939 505.4333
239.57336 507.14166
238.2849 508.66867
236.77515 509.97736
235.08069 511.03598
233.24254 511.819
231.30518 512.3074
229.3155 512.4894
227.32167 512.36053
225.37198 511.92398
223.51358 511.1903
221.79147 510.17725
220.24736 508.90933
218.9186 507.41724
217.83736 505.7371
217.02982 503.9096
216.5155 501.97894
216.3069 499.99188
216.40903 497.99652
216.81943 496.04114
217.52817 494.1731
218.51808 492.4376
219.76521 490.87662
221.23938 489.528
222.90488 488.42438
224.7214 487.59244
226.645 487.05234
228.62909 486.81714
230.61317 486.58203
232.53677 486.04193
234.3533 485.21
236.0188 484.10635
237.49297 482.75775
238.7401 481.19678
239.73001 479.46127
240.43875 477.59323
240.84915 475.63785
240.95128 473.6425
240.74268 471.65543
240.22836 469.72476
239.42082 467.89728
238.33958 466.21713
237.01082 464.72504
235.4667 463.45712
233.7446 462.44406
231.8862 461.7104
229.9365 461.27383
227.94267 461.14502
225.953 461.327
224.01564 461.8154
222.17749 462.59842
220.48303 463.65704
218.97328 464.96573
217.68481 466.49274
216.64879 468.2011
215.89029 470.04953
215.42767 471.9932
215.27216 473.98514
215.11664 475.97708
214.65402 477.92075
213.89552 479.76917
212.8595 481.47754
211.57103 483.00455
210.06128 484.31323
208.36682 485.37186
206.52867 486.15488
204.59131 486.64328
202.60164 486.82526
200.6078 486.69644
198.65811 486.2599
196.79971 485.5262
195.0776 484.51315
193.5335 483.24524
192.20473 481.75314
191.12349 480.073
190.31595 478.2455
189.80164 476.31485
189.59303 474.3278
189.69516 472.33243
190.10556 470.37704
190.8143 468.509
191.80421 466.7735
193.05135 465.21252
194.52551 463.86392
196.19101 462.76028
198.00754 461.92834
199.93114 461.38824
201.91522 461.15305
203.8993 460.91785
205.8229 460.37775
207.63943 459.5458
209.30493 458.44217
210.7791 457.09357
212.02623 455.5326
213.01614 453.7971
213.72488 451.92905
214.13528 449.97366
214.23741 447.9783
214.02881 445.99124
213.5145 444.06058
212.70695 442.2331
211.62572 440.55295
210.29695 439.06085
208.75284 437.79294
207.03073 436.77988
205.17233 436.0462
203.22263 435.60965
201.2288 435.48083
199.23914 435.6628
197.30177 436.1512
195.46362 436.93423
193.76917 437.99286
192.25941 439.30154
190.97095 440.82855
189.93492 442.53693
189.17642 444.38535
188.7138 446.329
188.55829 448.32095
188.40277 450.3129
187.94016 452.25656
187.18166 454.10498
186.14563 455.81335
184.85716 457.34036
183.34741 458.64905
181.65295 459.70767
179.8148 460.4907
177.87744 460.9791
175.88777 461.16107
173.89394 461.03226
171.94424 460.5957
170.08585 459.86203
168.36374 458.84897
166.81963 457.58105
165.49086 456.08896
164.40962 454.4088
163.60208 452.58133
163.08777 450.65067
162.87917 448.6636
162.9813 446.66824
163.3917 444.71286
164.10043 442.84482
165.09035 441.1093
166.33748 439.54834
167.81165 438.19974
169.47714 437.0961
171.29367 436.26416
173.21727 435.72406
175.20135 435.48886
177.18544 435.25366
179.10904 434.71356
180.92557 433.88162
182.59106 432.77798
184.06523 431.42938
185.31236 429.8684
186.30228 428.1329
187.01102 426.26486
187.42142 424.30948
187.52354 422.31412
187.31494 420.32706
186.80063 418.3964
185.99309 416.5689
184.91185 414.88876
183.58308 413.39667
182.03897 412.12875
180.31686 411.1157
178.45847 410.38202
176.50876 409.94547
174.51494 409.81665
172.52527 409.99863
170.5879 410.48703
168.74976 411.27005
167.0553 412.32867
165.54555 413.63736
164.25708 415.16437
163.22105 416.87274
162.46255 418.72116
161.99994 420.66483
161.84442 422.65677
161.6889 424.6487
161.22629 426.59238
160.46779 428.4408
159.43176 430.14917
158.1433 431.67618
156.63354 432.98486
154.93909 434.0435
153.10094 434.8265
151.16357 435.3149
149.1739 435.4969
147.18007 435.36807
145.23038 434.93152
143.37198 434.19785
141.64987 433.18478
140.10576 431.91687
138.777 430.42477
137.69576 428.74463
136.88821 426.91714
136.3739 424.98648
136.1653 422.99942
136.26743 421.00406
136.67783 419.04868
137.38657 417.18063
138.37648 415.44513
139.62361 413.88416
141.09778 412.53555
142.76328 411.43192
144.5798 410.59998
146.5034 410.05988
148.48749 409.82468
150.47157 409.58948
152.39517 409.04938
154.2117 408.21744
155.8772 407.1138
157.35136 405.7652
158.5985 404.20422
159.58841 402.46872
160.29715 400.60068
160.70755 398.6453
160.80968 396.64993
160.60107 394.66287
160.08676 392.7322
159.27922 390.90472
158.19798 389.22458
156.86922 387.73248
155.3251 386.46457
153.603 385.4515
151.7446 384.71783
149.79489 384.28128
147.80107 384.15247
145.8114 384.33444
143.87404 384.82285
142.03589 385.60587
140.34143 386.6645
138.83168 387.97318
137.54321 389.50018
136.50719 391.20856
135.74869 393.05698
135.28607 395.00064
135.13055 396.99258
134.97505 398.98453
134.51245 400.9282
133.75395 402.7766
132.71793 404.485
131.42944 406.012
129.9197 407.32068
128.22523 408.3793
126.38708 409.16232
124.449715 409.65073
122.46004 409.8327
120.46622 409.7039
118.51651 409.26733
116.65811 408.53366
114.936005 407.5206
113.39189 406.2527
112.063126 404.7606
110.98189 403.08044
110.17435 401.25296
109.66004 399.3223
109.45143 397.33524
109.553566 395.33987
109.96396 393.3845
110.6727 391.51645
111.66261 389.78094
112.909744 388.21997
114.3839 386.87137
116.04941 385.76773
117.865944 384.9358
119.789536 384.3957
121.77362 384.1605
123.75773 383.9253
125.68132 383.3852
127.497856 382.55325
129.16336 381.44962
130.63753 380.101
131.88466 378.54004
132.87457 376.80453
133.58331 374.9365
133.99371 372.9811
134.09584 370.98575
133.88724 368.9987
133.37294 367.06802
132.5654 365.24054
131.48416 363.5604
130.1554 362.0683
128.61128 360.80038
126.889175 359.78732
125.030785 359.05365
123.08108 358.6171
121.08726 358.48828
119.09758 358.67026
117.16022 359.15866
115.32206 359.94168
113.6276 361.0003
112.11786 362.309
110.829384 363.836
109.79336 365.54437
109.03487 367.3928
108.57226 369.33646
108.41674 371.3284
108.26121 373.32034
107.7986 375.264
107.04011 377.11243
106.00408 378.8208
104.71561 380.3478
103.205864 381.6565
101.511406 382.71512
99.67325 383.49814
97.735886 383.98654
95.74621 384.16852
93.75239 384.0397
91.80268 383.60315
89.94429 382.86948
88.22218 381.8564
86.67807 380.5885
85.349304 379.0964
84.26807 377.41626
83.460526 375.58878
82.94622 373.6581
82.73761 371.67105
82.839745 369.6757
83.25014 367.7203
83.95888 365.85226
84.94879 364.11676
86.19592 362.5558
87.67008 361.20718
89.33559 360.10355
91.15212 359.2716
93.075714 358.7315
95.0598 358.4963
97.043884 358.2611
98.967476 357.721
100.78401 356.88907
102.44952 355.78543
103.923676 354.43683
105.17081 352.87585
106.16072 351.14035
106.86946 349.2723
107.279854 347.31693
107.38199 345.32156
107.17338 343.3345
106.65907 341.40384
105.85153 339.57635
104.770294 337.8962
103.44153 336.4041
101.897415 335.1362
100.17531 334.12314
98.31692 333.38947
96.36721 332.9529
94.37339 332.8241
92.38371 333.00607
90.44635 333.49448
88.60819 334.2775
86.913734 335.33612
85.40399 336.6448
84.11552 338.1718
83.07949 339.8802
82.321 341.7286
81.85839 343.67227
81.70287 345.6642
81.547356 347.65616
81.08475 349.59982
80.326256 351.44824
79.29023 353.15662
78.001755 354.68362
76.49201 355.9923
74.797554 357.05093
72.9594 357.83395
71.02203 358.32236
69.03236 358.50433
67.038536 358.37552
65.08883 357.93896
63.230434 357.2053
61.508335 356.19223
59.964214 354.92432
58.635452 353.43222
57.554214 351.75208
56.74667 349.9246
56.23237 347.99393
56.023758 346.00687
56.12589 344.0115
56.53629 342.05612
57.245026 340.18808
58.23494 338.45258
59.48207 336.8916
60.95623 335.543
62.621735 334.43936
64.43827 333.60742
66.36186 333.06732
68.34595 332.83212
70.33003 332.59692
72.253624 332.05682
74.07016 331.22488
75.735664 330.12125
77.20982 328.77264
78.456955 327.21167
79.44687 325.47617
80.15561 323.60812
80.566 321.65274
80.66814 319.65738
80.459526 317.67032
79.94522 315.73965
79.13768 313.91217
78.05644 312.23203
76.72768 310.73993
75.18356 309.47202
73.46146 308.45895
71.603065 307.72528
69.65336 307.28873
67.65954 307.1599
65.66986 307.3419
63.7325 307.8303
61.89434 308.6133
60.199883 309.67194
58.690144 310.98062
57.401665 312.50763
56.36564 314.216
55.607143 316.06442
55.14454 318.0081
54.98902 320.00003
54.989105 318.0
54.989197 316.0
54.98929 314.0
54.98938 312.0
54.98947 310.0
54.989563 308.0
54.989655 306.0
54.989746 304.0
54.989838 302.0
54.98993 300.0
54.99002 298.0
54.990112 296.0
54.990204 294.0
54.990295 292.0
54.990387 290.0
54.99048 288.0
54.99057 286.0
54.99066 284.0
54.990753 282.0
54.990845 280.0
54.990936 278.0
54.991028 276.0
54.99112 274.0
54.99121 272.0
54.991302 270.0
54.991394 268.0
54.991486 266.0
54.991577 264.0
54.99167 262.0
54.99176 260.0
54.99185 258.0
54.991943 256.0
54.992035 254.0
54.992126 252.0
54.992218 250.0
54.99231 248.0
54.9924 246.0
54.992493 244.0
54.992584 242.0
54.992676 240.0
54.992767 238.0
54.99286 236.0
54.99295 234.0
54.993042 232.0
54.993134 230.0
54.993225 228.0
54.993317 226.0
54.99341 224.0
54.9935 222.0
54.99359 220.0
54.993683 218.0
54.993774 216.0
54.993866 214.0
54.993958 212.0
54.99405 210.0
54.99414 208.0
54.994232 206.0
54.994324 204.0
54.994415 202.0
54.994507 200.0
54.9946 198.0
54.99469 196.0
54.99478 194.0
54.994873 192.0
54.994965 190.0
54.995056 188.0
54.995148 186.0
54.99524 184.0
54.99533 182.0
54.995422 180.0
54.995514 178.0
54.995605 176.0
54.995697 174.0
54.99579 172.0
54.99588 170.0
54.99597 168.0
54.996063 166.0
54.996155 164.0
54.996246 162.0
54.996338 160.0
54.99643 158.0
54.99652 156.0
54.996613 154.0
54.996704 152.0
54.996796 150.0
54.996887 148.0
54.99698 146.0
54.99707 144.0
54.99716 142.0
54.997253 140.0
54.997345 138.0
54.997437 136.0
54.997528 134.0
54.99762 132.0
54.99771 130.0
54.997803 128.0
54.997894 126.0
54.997986 124.0
54.998077 122.0
54.99817 120.0
54.99826 118.0
54.998352 116.0
54.998444 114.0
54.998535 112.0
54.998627 110.0
54.99872 108.0
54.99881 106.0
54.9989 104.0
54.998993 102.0
54.999084 100.0
54.999176 98.0
54.999268 96.0
54.99936 94.0
54.99945 92.0
54.999542 90.0
54.999634 88.0
54.999725 86.0
54.999817 84.0
54.99991 82.0
55.0 80.0