54.9956054688 176.0
54.9956970215 174.0
54.9957885742 172.0
54.995880127 170.0
54.9959716797 168.0
54.9960632324 166.0
54.9961547852 164.0
54.9962463379 162.0
54.9963378906 160.0
54.9964294434 158.0
54.9965209961 156.0
54.9966125488 154.0
54.9967041016 152.0
54.9967956543 150.0
54.996887207 148.0
54.9969787598 146.0
54.9970703125 144.0
54.9971618652 142.0
54.997253418 140.0
54.9945983887 198.0
54.9946899414 196.0
54.9947814941 194.0
54.9948730469 192.0
54.9949645996 190.0
54.9950561523 188.0
54.9951477051 186.0
54.9952392578 184.0
54.9953308105 182.0
54.9954223633 180.0
54.995513916 178.0
54.9956054688 176.0
54.9956970215 174.0
54.9957885742 172.0
54.995880127 170.0
54.9959716797 168.0
54.9960632324 166.0
54.9961547852 164.0
54.9962463379 162.0
54.9963378906 160.0
54.9964294434 158.0
54.9965209961 156.0
54.9966125488 154.0
54.9967041016 152.0
54.9967956543 150.0
54.996887207 148.0
54.9969787598 146.0
54.9970703125 144.0
54.9971618652 142.0
54.997253418 140.0
54.9944152832 202.0
54.9943237305 204.0
54.9942321777 206.0
54.994140625 208.0
54.9940490723 210.0
54.9939575195 212.0
54.9938659668 214.0
54.9937744141 216.0
54.9936828613 218.0
54.9935913086 220.0
54.9934997559 222.0
54.9934082031 224.0
54.9933166504 226.0
54.9932250977 228.0
54.9931335449 230.0
54.9930419922 232.0
54.9929504395 234.0
54.9928588867 236.0
54.992767334 238.0
54.9926757812 240.0
54.9925842285 242.0
54.9924926758 244.0
54.992401123 246.0
54.9923095703 248.0
54.9922180176 250.0
54.9921264648 252.0
54.9920349121 254.0
54.9919433594 256.0
54.9918518066 258.0
54.9917602539 260.0
54.9973449707 138.0
54.9974365234 136.0
54.9975280762 134.0
54.9976196289 132.0
54.9977111816 130.0
54.9978027344 128.0
54.9978942871 126.0
54.9979858398 124.0
54.9980773926 122.0
54.9981689453 120.0
54.998260498 118.0
54.9983520508 116.0
54.9984436035 114.0
54.9985351562 112.0
54.998626709 110.0
54.9987182617 108.0
54.9988098145 106.0
54.9989013672 104.0
54.9989929199 102.0
54.9990844727 100.0
54.9991760254 98.0
54.9992675781 96.0
54.9993591309 94.0
54.9994506836 92.0
54.9995422363 90.0
54.9996337891 88.0
54.9997253418 86.0
54.9998168945 84.0
54.9999084473 82.0
55.0 80.0
54.9973449707 138.0
54.9974365234 136.0
54.9975280762 134.0
54.9976196289 132.0
54.9977111816 130.0
54.9978027344 128.0
54.9978942871 126.0
54.9979858398 124.0
54.9980773926 122.0
54.9981689453 120.0
54.998260498 118.0
54.9983520508 116.0
54.9984436035 114.0
54.9985351562 112.0
54.998626709 110.0
54.9987182617 108.0
54.9988098145 106.0
54.9989013672 104.0
54.9989929199 102.0
54.9990844727 100.0
54.9991760254 98.0
54.9992675781 96.0
54.9993591309 94.0
54.9994506836 92.0
54.9995422363 90.0
54.9996337891 88.0
54.9997253418 86.0
54.9998168945 84.0
54.9999084473 82.0
55.0 80.0
54.9971618652 142.0
54.9970703125 144.0
54.9969787598 146.0
54.996887207 148.0
54.9967956543 150.0
54.9967041016 152.0
54.9966125488 154.0
54.9965209961 156.0
54.9964294434 158.0
54.9963378906 160.0
54.9962463379 162.0
54.9961547852 164.0
54.9960632324 166.0
54.9959716797 168.0
54.995880127 170.0
54.9957885742 172.0
54.9956970215 174.0
54.9956054688 176.0
54.995513916 178.0
54.9954223633 180.0
54.9953308105 182.0
54.9952392578 184.0
54.9951477051 186.0
54.9950561523 188.0
54.9949645996 190.0
54.9948730469 192.0
54.9947814941 194.0
54.9946899414 196.0
54.9945983887 198.0
54.9945068359 200.0
54.9971618652 142.0
54.9970703125 144.0
54.9969787598 146.0
54.996887207 148.0
54.9967956543 150.0
54.9967041016 152.0
54.9966125488 154.0
54.9965209961 156.0
54.9964294434 158.0
54.9963378906 160.0
54.9962463379 162.0
54.9961547852 164.0
54.9960632324 166.0
54.9959716797 168.0
54.995880127 170.0
54.9957885742 172.0
54.9956970215 174.0
54.9956054688 176.0
54.995513916 178.0
54.9954223633 180.0
54.9953308105 182.0
54.9952392578 184.0
54.9951477051 186.0
54.9950561523 188.0
54.9949645996 190.0
54.9948730469 192.0
54.9947814941 194.0
54.9946899414 196.0
54.9945983887 198.0
54.9945068359 200.0
54.9971618652 142.0
54.9970703125 144.0
54.9969787598 146.0
54.996887207 148.0
54.9967956543 150.0
54.9967041016 152.0
54.9966125488 154.0
54.9965209961 156.0
54.9964294434 158.0
54.9963378906 160.0
54.9962463379 162.0
54.9961547852 164.0
54.9960632324 166.0
54.9959716797 168.0
54.995880127 170.0
54.9957885742 172.0
54.9956970215 174.0
54.9956054688 176.0
54.995513916 178.0
54.9954223633 180.0
54.9953308105 182.0
54.9952392578 184.0
54.9951477051 186.0
54.9950561523 188.0
54.9949645996 190.0
54.9948730469 192.0
54.9947814941 194.0
54.9946899414 196.0
54.9945983887 198.0
54.9945068359 200.0
54.9999084473 82.0
54.9998168945 84.0
54.9997253418 86.0
54.9996337891 88.0
54.9995422363 90.0
54.9994506836 92.0
54.9993591309 94.0
54.9992675781 96.0
54.9991760254 98.0
54.9990844727 100.0
54.9989929199 102.0
54.9989013672 104.0
54.9988098145 106.0
54.9987182617 108.0
54.998626709 110.0
54.9985351562 112.0
54.9984436035 114.0
54.9983520508 116.0
54.998260498 118.0
54.9981689453 120.0
54.9980773926 122.0
54.9979858398 124.0
54.9978942871 126.0
54.9978027344 128.0
54.9977111816 130.0
54.9976196289 132.0
54.9975280762 134.0
54.9974365234 136.0
54.9973449707 138.0
54.997253418 140.0
54.9999084473 82.0
54.9998168945 84.0
54.9997253418 86.0
54.9996337891 88.0
54.9995422363 90.0
54.9994506836 92.0
54.9993591309 94.0
54.9992675781 96.0
54.9991760254 98.0
54.9990844727 100.0
54.9989929199 102.0
54.9989013672 104.0
54.9988098145 106.0
54.9987182617 108.0
54.998626709 110.0
54.9985351562 112.0
54.9984436035 114.0
54.9983520508 116.0
54.998260498 118.0
54.9981689453 120.0
54.9980773926 122.0
54.9979858398 124.0
54.9978942871 126.0
54.9978027344 128.0
54.9977111816 130.0
54.9976196289 132.0
54.9975280762 134.0
54.9974365234 136.0
54.9973449707 138.0
54.997253418 140.0
54.9999084473 82.0
54.9998168945 84.0
54.9997253418 86.0
54.9996337891 88.0
54.9995422363 90.0
54.9994506836 92.0
54.9993591309 94.0
54.9992675781 96.0
54.9991760254 98.0
54.9990844727 100.0
54.9989929199 102.0
54.9989013672 104.0
54.9988098145 106.0
54.9987182617 108.0
54.998626709 110.0
54.9985351562 112.0
54.9984436035 114.0
54.9983520508 116.0
54.998260498 118.0
54.9981689453 120.0
54.9980773926 122.0
54.9979858398 124.0
54.9978942871 126.0
54.9978027344 128.0
54.9977111816 130.0
54.9976196289 132.0
54.9975280762 134.0
54.9974365234 136.0
54.9973449707 138.0
54.997253418 140.0
54.9999084473 82.0
54.9998168945 84.0
54.9997253418 86.0
54.9996337891 88.0
54.9995422363 90.0
54.9994506836 92.0
54.9993591309 94.0
54.9992675781 96.0
54.9991760254 98.0
54.9990844727 100.0
54.9989929199 102.0
54.9989013672 104.0
54.9988098145 106.0
54.9987182617 108.0
54.998626709 110.0
54.9985351562 112.0
54.9984436035 114.0
54.9983520508 116.0
54.998260498 118.0
54.9981689453 120.0
54.9980773926 122.0
54.9979858398 124.0
54.9978942871 126.0
54.9978027344 128.0
54.9977111816 130.0
54.9976196289 132.0
54.9975280762 134.0
54.9974365234 136.0
54.9973449707 138.0
54.997253418 140.0
54.9999084473 82.0
54.9998168945 84.0
54.9997253418 86.0
54.9996337891 88.0
54.9995422363 90.0
54.9994506836 92.0
54.9993591309 94.0
54.9992675781 96.0
54.9991760254 98.0
54.9990844727 100.0
54.9989929199 102.0
54.9989013672 104.0
54.9988098145 106.0
54.9987182617 108.0
54.998626709 110.0
54.9985351562 112.0
54.9984436035 114.0
54.9983520508 116.0
54.998260498 118.0
54.9981689453 120.0
54.9980773926 122.0
54.9979858398 124.0
54.9978942871 126.0
54.9978027344 128.0
54.9977111816 130.0
54.9976196289 132.0
54.9975280762 134.0
54.9974365234 136.0
54.9973449707 138.0
54.997253418 140.0
54.9891052246 318.0
54.9891967773 316.0
54.9892883301 314.0
54.9893798828 312.0
54.9894714355 310.0
54.9895629883 308.0
54.989654541 306.0
54.9897460938 304.0
54.9898376465 302.0
54.9899291992 300.0
54.990020752 298.0
54.9901123047 296.0
54.9902038574 294.0
54.9902954102 292.0
54.9903869629 290.0
54.9904785156 288.0
54.9905700684 286.0
54.9906616211 284.0
54.9907531738 282.0
54.9908447266 280.0
54.9909362793 278.0
54.991027832 276.0
54.9911193848 274.0
54.9912109375 272.0
54.9913024902 270.0
54.991394043 268.0
54.9914855957 266.0
54.9915771484 264.0
54.9916687012 262.0
54.9917602539 260.0
54.9918518066 258.0
54.9919433594 256.0
54.9920349121 254.0
54.9921264648 252.0
54.9922180176 250.0
54.9923095703 248.0
54.992401123 246.0
54.9924926758 244.0
54.9925842285 242.0
54.9926757812 240.0
54.992767334 238.0
54.9928588867 236.0
54.9929504395 234.0
54.9930419922 232.0
54.9931335449 230.0
54.9932250977 228.0
54.9933166504 226.0
54.9934082031 224.0
54.9934997559 222.0
54.9935913086 220.0
54.9936828613 218.0
54.9937744141 216.0
54.9938659668 214.0
54.9939575195 212.0
54.9940490723 210.0
54.994140625 208.0
54.9942321777 206.0
54.9943237305 204.0
54.9944152832 202.0
54.9945068359 200.0
54.9918518066 258.0
54.9919433594 256.0
54.9920349121 254.0
54.9921264648 252.0
54.9922180176 250.0
54.9923095703 248.0
54.992401123 246.0
54.9924926758 244.0
54.9925842285 242.0
54.9926757812 240.0
54.992767334 238.0
54.9928588867 236.0
54.9929504395 234.0
54.9930419922 232.0
54.9931335449 230.0
54.9932250977 228.0
54.9933166504 226.0
54.9934082031 224.0
54.9934997559 222.0
54.9935913086 220.0
54.9936828613 218.0
54.9937744141 216.0
54.9938659668 214.0
54.9939575195 212.0
54.9940490723 210.0
54.994140625 208.0
54.9942321777 206.0
54.9943237305 204.0
54.9944152832 202.0
54.9945068359 200.0
54.9918518066 258.0
54.9919433594 256.0
54.9920349121 254.0
54.9921264648 252.0
54.9922180176 250.0
54.9923095703 248.0
54.992401123 246.0
54.9924926758 244.0
54.9925842285 242.0
54.9926757812 240.0
54.992767334 238.0
54.9928588867 236.0
54.9929504395 234.0
54.9930419922 232.0
54.9931335449 230.0
54.9932250977 228.0
54.9933166504 226.0
54.9934082031 224.0
54.9934997559 222.0
54.9935913086 220.0
54.9936828613 218.0
54.9937744141 216.0
54.9938659668 214.0
54.9939575195 212.0
54.9940490723 210.0
54.994140625 208.0
54.9942321777 206.0
54.9943237305 204.0
54.9944152832 202.0
54.9945068359 200.0
54.9916687012 262.0
54.9915771484 264.0
54.9914855957 266.0
54.991394043 268.0
54.9913024902 270.0
54.9912109375 272.0
54.9911193848 274.0
54.991027832 276.0
54.9909362793 278.0
54.9908447266 280.0
54.9907531738 282.0
54.9906616211 284.0
54.9905700684 286.0
54.9904785156 288.0
54.9903869629 290.0
54.9902954102 292.0
54.9902038574 294.0
54.9901123047 296.0
54.990020752 298.0
54.9899291992 300.0
54.9898376465 302.0
54.9897460938 304.0
54.989654541 306.0
54.9895629883 308.0
54.9894714355 310.0
54.9893798828 312.0
54.9892883301 314.0
54.9891967773 316.0
54.9891052246 318.0
54.9890136719 320.0
54.9945983887 198.0
54.9946899414 196.0
54.9947814941 194.0
54.9948730469 192.0
54.9949645996 190.0
54.9950561523 188.0
54.9951477051 186.0
54.9952392578 184.0
54.9953308105 182.0
54.9954223633 180.0
54.995513916 178.0
54.9956054688 176.0
54.9956970215 174.0
54.9957885742 172.0
54.995880127 170.0
54.9959716797 168.0
54.9960632324 166.0
54.9961547852 164.0
54.9962463379 162.0
54.9963378906 160.0
54.9964294434 158.0
54.9965209961 156.0
54.9966125488 154.0
54.9967041016 152.0
54.9967956543 150.0
54.996887207 148.0
54.9969787598 146.0
54.9970703125 144.0
54.9971618652 142.0
54.997253418 140.0
54.9945983887 198.0
54.9946899414 196.0
54.9947814941 194.0
54.9948730469 192.0
54.9949645996 190.0
54.9950561523 188.0
54.9951477051 186.0
54.9952392578 184.0
54.9953308105 182.0
54.9954223633 180.0
54.995513916 178.0
54.9956054688 176.0
54.9956970215 174.0
54.9957885742 172.0
54.995880127 170.0
54.9959716797 168.0
54.9960632324 166.0
54.9961547852 164.0
54.9962463379 162.0
54.9963378906 160.0
54.9964294434 158.0
54.9965209961 156.0
54.9966125488 154.0
54.9967041016 152.0
54.9967956543 150.0
54.996887207 148.0
54.9969787598 146.0
54.9970703125 144.0
54.9971618652 142.0
54.997253418 140.0
54.9945983887 198.0
54.9946899414 196.0
54.9947814941 194.0
54.9948730469 192.0
54.9949645996 190.0
54.9950561523 188.0
54.9951477051 186.0
54.9952392578 184.0
54.9953308105 182.0
54.9954223633 180.0
54.995513916 178.0
54.9956054688 176.0
54.9956970215 174.0
54.9957885742 172.0
54.995880127 170.0
54.9959716797 168.0
54.9960632324 166.0
54.9961547852 164.0
54.9962463379 162.0
54.9963378906 160.0
54.9964294434 158.0
54.9965209961 156.0
54.9966125488 154.0
54.9967041016 152.0
54.9967956543 150.0
54.996887207 148.0
54.9969787598 146.0
54.9970703125 144.0
54.9971618652 142.0
54.997253418 140.0
54.9945983887 198.0
54.9946899414 196.0
54.9947814941 194.0
54.9948730469 192.0
54.9949645996 190.0
54.9950561523 188.0
54.9951477051 186.0
54.9952392578 184.0
54.9953308105 182.0
54.9954223633 180.0
54.995513916 178.0
54.9956054688 176.0
54.9956970215 174.0
54.9957885742 172.0
54.995880127 170.0
54.9959716797 168.0
54.9960632324 166.0
54.9961547852 164.0
54.9962463379 162.0
54.9963378906 160.0
54.9964294434 158.0
54.9965209961 156.0
54.9966125488 154.0
54.9967041016 152.0
54.9967956543 150.0
54.996887207 148.0
54.9969787598 146.0
54.9970703125 144.0
54.9971618652 142.0
54.997253418 140.0
54.9945983887 198.0
54.9946899414 196.0
54.9947814941 194.0
54.9948730469 192.0
54.9949645996 190.0
54.9950561523 188.0
54.9951477051 186.0
54.9952392578 184.0
54.9953308105 182.0
54.9954223633 180.0
54.995513916 178.0
54.9956054688 176.0
54.9956970215 174.0
54.9957885742 172.0
54.995880127 170.0
54.9959716797 168.0
54.9960632324 166.0
54.9961547852 164.0
54.9962463379 162.0
54.9963378906 160.0
54.9964294434 158.0
54.9965209961 156.0
54.9966125488 154.0
54.9967041016 152.0
54.9967956543 150.0
54.996887207 148.0
54.9969787598 146.0
54.9970703125 144.0
54.9971618652 142.0
54.997253418 140.0
54.9944152832 202.0
54.9943237305 204.0
54.9942321777 206.0
54.994140625 208.0
54.9940490723 210.0
54.9939575195 212.0
54.9938659668 214.0
54.9937744141 216.0
54.9936828613 218.0
54.9935913086 220.0
54.9934997559 222.0
54.9934082031 224.0
54.9933166504 226.0
54.9932250977 228.0
54.9931335449 230.0
54.9930419922 232.0
54.9929504395 234.0
54.9928588867 236.0
54.992767334 238.0
54.9926757812 240.0
54.9925842285 242.0
54.9924926758 244.0
54.992401123 246.0
54.9923095703 248.0
54.9922180176 250.0
54.9921264648 252.0
54.9920349121 254.0
54.9919433594 256.0
54.9918518066 258.0
54.9917602539 260.0
54.9944152832 202.0
54.9943237305 204.0
54.9942321777 206.0
54.994140625 208.0
54.9940490723 210.0
54.9939575195 212.0
54.9938659668 214.0
54.9937744141 216.0
54.9936828613 218.0
54.9935913086 220.0
54.9934997559 222.0
54.9934082031 224.0
54.9933166504 226.0
54.9932250977 228.0
54.9931335449 230.0
54.9930419922 232.0
54.9929504395 234.0
54.9928588867 236.0
54.992767334 238.0
54.9926757812 240.0
54.9925842285 242.0
54.9924926758 244.0
54.992401123 246.0
54.9923095703 248.0
54.9922180176 250.0
54.9921264648 252.0
54.9920349121 254.0
54.9919433594 256.0
54.9918518066 258.0
54.9917602539 260.0
54.9944152832 202.0
54.9943237305 204.0
54.9942321777 206.0
54.994140625 208.0
54.9940490723 210.0
54.9939575195 212.0
54.9938659668 214.0
54.9937744141 216.0
54.9936828613 218.0
54.9935913086 220.0
54.9934997559 222.0
54.9934082031 224.0
54.9933166504 226.0
54.9932250977 228.0
54.9931335449 230.0
54.9930419922 232.0
54.9929504395 234.0
54.9928588867 236.0
54.992767334 238.0
54.9926757812 240.0
54.9925842285 242.0
54.9924926758 244.0
54.992401123 246.0
54.9923095703 248.0
54.9922180176 250.0
54.9921264648 252.0
54.9920349121 254.0
54.9919433594 256.0
54.9918518066 258.0
54.9917602539 260.0
54.9944152832 202.0
54.9943237305 204.0
54.9942321777 206.0
54.994140625 208.0
54.9940490723 210.0
54.9939575195 212.0
54.9938659668 214.0
54.9937744141 216.0
54.9936828613 218.0
54.9935913086 220.0
54.9934997559 222.0
54.9934082031 224.0
54.9933166504 226.0
54.9932250977 228.0
54.9931335449 230.0
54.9930419922 232.0
54.9929504395 234.0
54.9928588867 236.0
54.992767334 238.0
54.9926757812 240.0
54.9925842285 242.0
54.9924926758 244.0
54.992401123 246.0
54.9923095703 248.0
54.9922180176 250.0
54.9921264648 252.0
54.9920349121 254.0
54.9919433594 256.0
54.9918518066 258.0
54.9917602539 260.0
54.9973449707 138.0
54.9974365234 136.0
54.9975280762 134.0
54.9976196289 132.0
54.9977111816 130.0
54.9978027344 128.0
54.9978942871 126.0
54.9979858398 124.0
54.9980773926 122.0
54.9981689453 120.0
54.998260498 118.0
54.9983520508 116.0
54.9984436035 114.0
54.9985351562 112.0
54.998626709 110.0
54.9987182617 108.0
54.9988098145 106.0
54.9989013672 104.0
54.9989929199 102.0
54.9990844727 100.0
54.9991760254 98.0
54.9992675781 96.0
54.9993591309 94.0
54.9994506836 92.0
54.9995422363 90.0
54.9996337891 88.0
54.9997253418 86.0
54.9998168945 84.0
54.9999084473 82.0
55.0 80.0
54.9973449707 138.0
54.9974365234 136.0
54.9975280762 134.0
54.9976196289 132.0
54.9977111816 130.0
54.9978027344 128.0
54.9978942871 126.0
54.9979858398 124.0
54.9980773926 122.0
54.9981689453 120.0
54.998260498 118.0
54.9983520508 116.0
54.9984436035 114.0
54.9985351562 112.0
54.998626709 110.0
54.9987182617 108.0
54.9988098145 106.0
54.9989013672 104.0
54.9989929199 102.0
54.9990844727 100.0
54.9991760254 98.0
54.9992675781 96.0
54.9993591309 94.0
54.9994506836 92.0
54.9995422363 90.0
54.9996337891 88.0
54.9997253418 86.0
54.9998168945 84.0
54.9999084473 82.0
55.0 80.0
54.9973449707 138.0
54.9974365234 136.0
54.9975280762 134.0
54.9976196289 132.0
54.9977111816 130.0
54.9978027344 128.0
54.9978942871 126.0
54.9979858398 124.0
54.9980773926 122.0
54.9981689453 120.0
54.998260498 118.0
54.9983520508 116.0
54.9984436035 114.0
54.9985351562 112.0
54.998626709 110.0
54.9987182617 108.0
54.9988098145 106.0
54.9989013672 104.0
54.9989929199 102.0
54.9990844727 100.0
54.9991760254 98.0
54.9992675781 96.0
54.9993591309 94.0
54.9994506836 92.0
54.9995422363 90.0
54.9996337891 88.0
54.9997253418 86.0
54.9998168945 84.0
54.9999084473 82.0
55.0 80.0
54.9973449707 138.0
54.9974365234 136.0
54.9975280762 134.0
54.9976196289 132.0
54.9977111816 130.0
54.9978027344 128.0
54.9978942871 126.0
54.9979858398 124.0
54.9980773926 122.0
54.9981689453 120.0
54.998260498 118.0
54.9983520508 116.0
54.9984436035 114.0
54.9985351562 112.0
54.998626709 110.0
54.9987182617 108.0
54.9988098145 106.0
54.9989013672 104.0
54.9989929199 102.0
54.9990844727 100.0
54.9991760254 98.0
54.9992675781 96.0
54.9993591309 94.0
54.9994506836 92.0
54.9995422363 90.0
54.9996337891 88.0
54.9997253418 86.0
54.9998168945 84.0
54.9999084473 82.0
55.0 80.0
54.9973449707 138.0
54.9974365234 136.0
54.9975280762 134.0
54.9976196289 132.0
54.9977111816 130.0
54.9978027344 128.0
54.9978942871 126.0
54.9979858398 124.0
54.9980773926 122.0
54.9981689453 120.0
54.998260498 118.0
54.9983520508 116.0
54.9984436035 114.0
54.9985351562 112.0
54.998626709 110.0
54.9987182617 108.0
54.9988098145 106.0
54.9989013672 104.0
54.9989929199 102.0
54.9990844727 100.0
54.9991760254 98.0
54.9992675781 96.0
54.9993591309 94.0
54.9994506836 92.0
54.9995422363 90.0
54.9996337891 88.0
54.9997253418 86.0
54.9998168945 84.0
54.9999084473 82.0
55.0 80.0
54.9971618652 142.0
54.9970703125 144.0
54.9969787598 146.0
54.996887207 148.0
54.9967956543 150.0
54.9967041016 152.0
54.9966125488 154.0
54.9965209961 156.0
54.9964294434 158.0
54.9963378906 160.0
54.9962463379 162.0
54.9961547852 164.0
54.9960632324 166.0
54.9959716797 168.0
54.995880127 170.0
54.9957885742 172.0
54.9956970215 174.0
54.9956054688 176.0
54.995513916 178.0
54.9954223633 180.0
54.9953308105 182.0
54.9952392578 184.0
54.9951477051 186.0
54.9950561523 188.0
54.9949645996 190.0
54.9948730469 192.0
54.9947814941 194.0
54.9946899414 196.0
54.9945983887 198.0
54.9945068359 200.0
54.9971618652 142.0
54.9970703125 144.0
54.9969787598 146.0
54.996887207 148.0
54.9967956543 150.0
54.9967041016 152.0
54.9966125488 154.0
54.9965209961 156.0
54.9964294434 158.0
54.9963378906 160.0
54.9962463379 162.0
54.9961547852 164.0
54.9960632324 166.0
54.9959716797 168.0
54.995880127 170.0
54.9957885742 172.0
54.9956970215 174.0
54.9956054688 176.0
54.995513916 178.0
54.9954223633 180.0
54.9953308105 182.0
54.9952392578 184.0
54.9951477051 186.0
54.9950561523 188.0
54.9949645996 190.0
54.9948730469 192.0
54.9947814941 194.0
54.9946899414 196.0
54.9945983887 198.0
54.9945068359 200.0
54.9863586426 378.0
54.9864501953 376.0
54.986541748 374.0
54.9866333008 372.0
54.9867248535 370.0
54.9868164062 368.0
54.986907959 366.0
54.9869995117 364.0
54.9870910645 362.0
54.9871826172 360.0
54.9872741699 358.0
54.9873657227 356.0
54.9874572754 354.0
54.9875488281 352.0
54.9876403809 350.0
54.9877319336 348.0
54.9878234863 346.0
54.9879150391 344.0
54.9880065918 342.0
54.9880981445 340.0
54.9881896973 338.0
54.98828125 336.0
54.9883728027 334.0
54.9884643555 332.0
54.9885559082 330.0
54.9886474609 328.0
54.9887390137 326.0
54.9888305664 324.0
54.9889221191 322.0
54.9890136719 320.0
54.9891052246 318.0
54.9891967773 316.0
54.9892883301 314.0
54.9893798828 312.0
54.9894714355 310.0
54.9895629883 308.0
54.989654541 306.0
54.9897460938 304.0
54.9898376465 302.0
54.9899291992 300.0
54.990020752 298.0
54.9901123047 296.0
54.9902038574 294.0
54.9902954102 292.0
54.9903869629 290.0
54.9904785156 288.0
54.9905700684 286.0
54.9906616211 284.0
54.9907531738 282.0
54.9908447266 280.0
54.9909362793 278.0
54.991027832 276.0
54.9911193848 274.0
54.9912109375 272.0
54.9913024902 270.0
54.991394043 268.0
54.9914855957 266.0
54.9915771484 264.0
54.9916687012 262.0
54.9917602539 260.0
54.9891052246 318.0
54.9891967773 316.0
54.9892883301 314.0
54.9893798828 312.0
54.9894714355 310.0
54.9895629883 308.0
54.989654541 306.0
54.9897460938 304.0
54.9898376465 302.0
54.9899291992 300.0
54.990020752 298.0
54.9901123047 296.0
54.9902038574 294.0
54.9902954102 292.0
54.9903869629 290.0
54.9904785156 288.0
54.9905700684 286.0
54.9906616211 284.0
54.9907531738 282.0
54.9908447266 280.0
54.9909362793 278.0
54.991027832 276.0
54.9911193848 274.0
54.9912109375 272.0
54.9913024902 270.0
54.991394043 268.0
54.9914855957 266.0
54.9915771484 264.0
54.9916687012 262.0
54.9917602539 260.0
54.9891052246 318.0
54.9891967773 316.0
54.9892883301 314.0
54.9893798828 312.0
54.9894714355 310.0
54.9895629883 308.0
54.989654541 306.0
54.9897460938 304.0
54.9898376465 302.0
54.9899291992 300.0
54.990020752 298.0
54.9901123047 296.0
54.9902038574 294.0
54.9902954102 292.0
54.9903869629 290.0
54.9904785156 288.0
54.9905700684 286.0
54.9906616211 284.0
54.9907531738 282.0
54.9908447266 280.0
54.9909362793 278.0
54.991027832 276.0
54.9911193848 274.0
54.9912109375 272.0
54.9913024902 270.0
54.991394043 268.0
54.9914855957 266.0
54.9915771484 264.0
54.9916687012 262.0
54.9917602539 260.0
54.9891052246 318.0
54.9891967773 316.0
54.9892883301 314.0
54.9893798828 312.0
54.9894714355 310.0
54.9895629883 308.0
54.989654541 306.0
54.9897460938 304.0
54.9898376465 302.0
54.9899291992 300.0
54.990020752 298.0
54.9901123047 296.0
54.9902038574 294.0
54.9902954102 292.0
54.9903869629 290.0
54.9904785156 288.0
54.9905700684 286.0
54.9906616211 284.0
54.9907531738 282.0
54.9908447266 280.0
54.9909362793 278.0
54.991027832 276.0
54.9911193848 274.0
54.9912109375 272.0
54.9913024902 270.0
54.991394043 268.0
54.9914855957 266.0
54.9915771484 264.0
54.9916687012 262.0
54.9917602539 260.0
54.9918518066 258.0
54.9919433594 256.0
54.9920349121 254.0
54.9921264648 252.0
54.9922180176 250.0
54.9923095703 248.0
54.992401123 246.0
54.9924926758 244.0
54.9925842285 242.0
54.9926757812 240.0
54.992767334 238.0
54.9928588867 236.0
54.9929504395 234.0
54.9930419922 232.0
54.9931335449 230.0
54.9932250977 228.0
54.9933166504 226.0
54.9934082031 224.0
54.9934997559 222.0
54.9935913086 220.0
54.9936828613 218.0
54.9937744141 216.0
54.9938659668 214.0
54.9939575195 212.0
54.9940490723 210.0
54.994140625 208.0
54.9942321777 206.0
54.9943237305 204.0
54.9944152832 202.0
54.9945068359 200.0
54.9918518066 258.0
54.9919433594 256.0
54.9920349121 254.0
54.9921264648 252.0
54.9922180176 250.0
54.9923095703 248.0
54.992401123 246.0
54.9924926758 244.0
54.9925842285 242.0
54.9926757812 240.0
54.992767334 238.0
54.9928588867 236.0
54.9929504395 234.0
54.9930419922 232.0
54.9931335449 230.0
54.9932250977 228.0
54.9933166504 226.0
54.9934082031 224.0
54.9934997559 222.0
54.9935913086 220.0
54.9936828613 218.0
54.9937744141 216.0
54.9938659668 214.0
54.9939575195 212.0
54.9940490723 210.0
54.994140625 208.0
54.9942321777 206.0
54.9943237305 204.0
54.9944152832 202.0
54.9945068359 200.0
54.9973449707 138.0
54.9974365234 136.0
54.9975280762 134.0
54.9976196289 132.0
54.9977111816 130.0
54.9978027344 128.0
54.9978942871 126.0
54.9979858398 124.0
54.9980773926 122.0
54.9981689453 120.0
54.998260498 118.0
54.9983520508 116.0
54.9984436035 114.0
54.9985351562 112.0
54.998626709 110.0
54.9987182617 108.0
54.9988098145 106.0
54.9989013672 104.0
54.9989929199 102.0
54.9990844727 100.0
54.9991760254 98.0
54.9992675781 96.0
54.9993591309 94.0
54.9994506836 92.0
54.9995422363 90.0
54.9996337891 88.0
54.9997253418 86.0
54.9998168945 84.0
54.9999084473 82.0
55.0 80.0
54.9999084473 82.0
54.9998168945 84.0
54.9997253418 86.0
54.9996337891 88.0
54.9995422363 90.0
54.9994506836 92.0
54.9993591309 94.0
54.9992675781 96.0
54.9991760254 98.0
54.9990844727 100.0
54.9989929199 102.0
54.9989013672 104.0
54.9988098145 106.0
54.9987182617 108.0
54.998626709 110.0
54.9985351562 112.0
54.9984436035 114.0
54.9983520508 116.0
54.998260498 118.0
54.9981689453 120.0
54.9980773926 122.0
54.9979858398 124.0
54.9978942871 126.0
54.9978027344 128.0
54.9977111816 130.0
54.9976196289 132.0
54.9975280762 134.0
54.9974365234 136.0
54.9973449707 138.0
54.997253418 140.0
54.9945983887 198.0
54.9946899414 196.0
54.9947814941 194.0
54.9948730469 192.0
54.9949645996 190.0
54.9950561523 188.0
54.9951477051 186.0
54.9952392578 184.0
54.9953308105 182.0
54.9954223633 180.0
54.995513916 178.0
54.9956054688 176.0
54.9956970215 174.0
54.9957885742 172.0
54.995880127 170.0
54.9959716797 168.0
54.9960632324 166.0
54.9961547852 164.0
54.9962463379 162.0
54.9963378906 160.0
54.9964294434 158.0
54.9965209961 156.0
54.9966125488 154.0
54.9967041016 152.0
54.9967956543 150.0
54.996887207 148.0
54.9969787598 146.0
54.9970703125 144.0
54.9971618652 142.0
54.997253418 140.0
54.9973449707 138.0
54.9974365234 136.0
54.9975280762 134.0
54.9976196289 132.0
54.9977111816 130.0
54.9978027344 128.0
54.9978942871 126.0
54.9979858398 124.0
54.9980773926 122.0
54.9981689453 120.0
54.998260498 118.0
54.9983520508 116.0
54.9984436035 114.0
54.9985351562 112.0
54.998626709 110.0
54.9987182617 108.0
54.9988098145 106.0
54.9989013672 104.0
54.9989929199 102.0
54.9990844727 100.0
54.9991760254 98.0
54.9992675781 96.0
54.9993591309 94.0
54.9994506836 92.0
54.9995422363 90.0
54.9996337891 88.0
54.9997253418 86.0
54.9998168945 84.0
54.9999084473 82.0
55.0 80.0
54.9971618652 142.0
54.9970703125 144.0
54.9969787598 146.0
54.996887207 148.0
54.9967956543 150.0
54.9967041016 152.0
54.9966125488 154.0
54.9965209961 156.0
54.9964294434 158.0
54.9963378906 160.0
54.9962463379 162.0
54.9961547852 164.0
54.9960632324 166.0
54.9959716797 168.0
54.995880127 170.0
54.9957885742 172.0
54.9956970215 174.0
54.9956054688 176.0
54.995513916 178.0
54.9954223633 180.0
54.9953308105 182.0
54.9952392578 184.0
54.9951477051 186.0
54.9950561523 188.0
54.9949645996 190.0
54.9948730469 192.0
54.9947814941 194.0
54.9946899414 196.0
54.9945983887 198.0
54.9945068359 200.0
54.9999084473 82.0
54.9998168945 84.0
54.9997253418 86.0
54.9996337891 88.0
54.9995422363 90.0
54.9994506836 92.0
54.9993591309 94.0
54.9992675781 96.0
54.9991760254 98.0
54.9990844727 100.0
54.9989929199 102.0
54.9989013672 104.0
54.9988098145 106.0
54.9987182617 108.0
54.998626709 110.0
54.9985351562 112.0
54.9984436035 114.0
54.9983520508 116.0
54.998260498 118.0
54.9981689453 120.0
54.9980773926 122.0
54.9979858398 124.0
54.9978942871 126.0
54.9978027344 128.0
54.9977111816 130.0
54.9976196289 132.0
54.9975280762 134.0
54.9974365234 136.0
54.9973449707 138.0
54.997253418 140.0
54.9999084473 82.0
54.9998168945 84.0
54.9997253418 86.0
54.9996337891 88.0
54.9995422363 90.0
54.9994506836 92.0
54.9993591309 94.0
54.9992675781 96.0
54.9991760254 98.0
54.9990844727 100.0
54.9989929199 102.0
54.9989013672 104.0
54.9988098145 106.0
54.9987182617 108.0
54.998626709 110.0
54.9985351562 112.0
54.9984436035 114.0
54.9983520508 116.0
54.998260498 118.0
54.9981689453 120.0
54.9980773926 122.0
54.9979858398 124.0
54.9978942871 126.0
54.9978027344 128.0
54.9977111816 130.0
54.9976196289 132.0
54.9975280762 134.0
54.9974365234 136.0
54.9973449707 138.0
54.997253418 140.0
54.9918518066 258.0
54.9919433594 256.0
54.9920349121 254.0
54.9921264648 252.0
54.9922180176 250.0
54.9923095703 248.0
54.992401123 246.0
54.9924926758 244.0
54.9925842285 242.0
54.9926757812 240.0
54.992767334 238.0
54.9928588867 236.0
54.9929504395 234.0
54.9930419922 232.0
54.9931335449 230.0
54.9932250977 228.0
54.9933166504 226.0
54.9934082031 224.0
54.9934997559 222.0
54.9935913086 220.0
54.9936828613 218.0
54.9937744141 216.0
54.9938659668 214.0
54.9939575195 212.0
54.9940490723 210.0
54.994140625 208.0
54.9942321777 206.0
54.9943237305 204.0
54.9944152832 202.0
54.9945068359 200.0
54.9945983887 198.0
54.9946899414 196.0
54.9947814941 194.0
54.9948730469 192.0
54.9949645996 190.0
54.9950561523 188.0
54.9951477051 186.0
54.9952392578 184.0
54.9953308105 182.0
54.9954223633 180.0
54.995513916 178.0
54.9956054688 176.0
54.9956970215 174.0
54.9957885742 172.0
54.995880127 170.0
54.9959716797 168.0
54.9960632324 166.0
54.9961547852 164.0
54.9962463379 162.0
54.9963378906 160.0
54.9964294434 158.0
54.9965209961 156.0
54.9966125488 154.0
54.9967041016 152.0
54.9967956543 150.0
54.996887207 148.0
54.9969787598 146.0
54.9970703125 144.0
54.9971618652 142.0
54.997253418 140.0
54.9945983887 198.0
54.9946899414 196.0
54.9947814941 194.0
54.9948730469 192.0
54.9949645996 190.0
54.9950561523 188.0
54.9951477051 186.0
54.9952392578 184.0
54.9953308105 182.0
54.9954223633 180.0
54.995513916 178.0
54.9956054688 176.0
54.9956970215 174.0
54.9957885742 172.0
54.995880127 170.0
54.9959716797 168.0
54.9960632324 166.0
54.9961547852 164.0
54.9962463379 162.0
54.9963378906 160.0
54.9964294434 158.0
54.9965209961 156.0
54.9966125488 154.0
54.9967041016 152.0
54.9967956543 150.0
54.996887207 148.0
54.9969787598 146.0
54.9970703125 144.0
54.9971618652 142.0
54.997253418 140.0
54.9944152832 202.0
54.9943237305 204.0
54.9942321777 206.0
54.994140625 208.0
54.9940490723 210.0
54.9939575195 212.0
54.9938659668 214.0
54.9937744141 216.0
54.9936828613 218.0
54.9935913086 220.0
54.9934997559 222.0
54.9934082031 224.0
54.9933166504 226.0
54.9932250977 228.0
54.9931335449 230.0
54.9930419922 232.0
54.9929504395 234.0
54.9928588867 236.0
54.992767334 238.0
54.9926757812 240.0
54.9925842285 242.0
54.9924926758 244.0
54.992401123 246.0
54.9923095703 248.0
54.9922180176 250.0
54.9921264648 252.0
54.9920349121 254.0
54.9919433594 256.0
54.9918518066 258.0
54.9917602539 260.0
54.9973449707 138.0
54.9974365234 136.0
54.9975280762 134.0
54.9976196289 132.0
54.9977111816 130.0
54.9978027344 128.0
54.9978942871 126.0
54.9979858398 124.0
54.9980773926 122.0
54.9981689453 120.0
54.998260498 118.0
54.9983520508 116.0
54.9984436035 114.0
54.9985351562 112.0
54.998626709 110.0
54.9987182617 108.0
54.9988098145 106.0
54.9989013672 104.0
54.9989929199 102.0
54.9990844727 100.0
54.9991760254 98.0
54.9992675781 96.0
54.9993591309 94.0
54.9994506836 92.0
54.9995422363 90.0
54.9996337891 88.0
54.9997253418 86.0
54.9998168945 84.0
54.9999084473 82.0
55.0 80.0
54.9973449707 138.0
54.9974365234 136.0
54.9975280762 134.0
54.9976196289 132.0
54.9977111816 130.0
54.9978027344 128.0
54.9978942871 126.0
54.9979858398 124.0
54.9980773926 122.0
54.9981689453 120.0
54.998260498 118.0
54.9983520508 116.0
54.9984436035 114.0
54.9985351562 112.0
54.998626709 110.0
54.9987182617 108.0
54.9988098145 106.0
54.9989013672 104.0
54.9989929199 102.0
54.9990844727 100.0
54.9991760254 98.0
54.9992675781 96.0
54.9993591309 94.0
54.9994506836 92.0
54.9995422363 90.0
54.9996337891 88.0
54.9997253418 86.0
54.9998168945 84.0
54.9999084473 82.0
55.0 80.0
54.9971618652 142.0
54.9970703125 144.0
54.9969787598 146.0
54.996887207 148.0
54.9967956543 150.0
54.9967041016 152.0
54.9966125488 154.0
54.9965209961 156.0
54.9964294434 158.0
54.9963378906 160.0
54.9962463379 162.0
54.9961547852 164.0
54.9960632324 166.0
54.9959716797 168.0
54.995880127 170.0
54.9957885742 172.0
54.9956970215 174.0
54.9956054688 176.0
54.995513916 178.0
54.9954223633 180.0
54.9953308105 182.0
54.9952392578 184.0
54.9951477051 186.0
54.9950561523 188.0
54.9949645996 190.0
54.9948730469 192.0
54.9947814941 194.0
54.9946899414 196.0
54.9945983887 198.0
54.9945068359 200.0
54.9971618652 142.0
54.9970703125 144.0
54.9969787598 146.0
54.996887207 148.0
54.9967956543 150.0
54.9967041016 152.0
54.9966125488 154.0
54.9965209961 156.0
54.9964294434 158.0
54.9963378906 160.0
54.9962463379 162.0
54.9961547852 164.0
54.9960632324 166.0
54.9959716797 168.0
54.995880127 170.0
54.9957885742 172.0
54.9956970215 174.0
54.9956054688 176.0
54.995513916 178.0
54.9954223633 180.0
54.9953308105 182.0
54.9952392578 184.0
54.9951477051 186.0
54.9950561523 188.0
54.9949645996 190.0
54.9948730469 192.0
54.9947814941 194.0
54.9946899414 196.0
54.9945983887 198.0
54.9945068359 200.0
54.9971618652 142.0
54.9970703125 144.0
54.9969787598 146.0
54.996887207 148.0
54.9967956543 150.0
54.9967041016 152.0
54.9966125488 154.0
54.9965209961 156.0
54.9964294434 158.0
54.9963378906 160.0
54.9962463379 162.0
54.9961547852 164.0
54.9960632324 166.0
54.9959716797 168.0
54.995880127 170.0
54.9957885742 172.0
54.9956970215 174.0
54.9956054688 176.0
54.995513916 178.0
54.9954223633 180.0
54.9953308105 182.0
54.9952392578 184.0
54.9951477051 186.0
54.9950561523 188.0
54.9949645996 190.0
54.9948730469 192.0
54.9947814941 194.0
54.9946899414 196.0
54.9945983887 198.0
54.9945068359 200.0
54.9999084473 82.0
54.9998168945 84.0
54.9997253418 86.0
54.9996337891 88.0
54.9995422363 90.0
54.9994506836 92.0
54.9993591309 94.0
54.9992675781 96.0
54.9991760254 98.0
54.9990844727 100.0
54.9989929199 102.0
54.9989013672 104.0
54.9988098145 106.0
54.9987182617 108.0
54.998626709 110.0
54.9985351562 112.0
54.9984436035 114.0
54.9983520508 116.0
54.998260498 118.0
54.9981689453 120.0
54.9980773926 122.0
54.9979858398 124.0
54.9978942871 126.0
54.9978027344 128.0
54.9977111816 130.0
54.9976196289 132.0
54.9975280762 134.0
54.9974365234 136.0
54.9973449707 138.0
54.997253418 140.0
54.9999084473 82.0
54.9998168945 84.0
54.9997253418 86.0
54.9996337891 88.0
54.9995422363 90.0
54.9994506836 92.0
54.9993591309 94.0
54.9992675781 96.0
54.9991760254 98.0
54.9990844727 100.0
54.9989929199 102.0
54.9989013672 104.0
54.9988098145 106.0
54.9987182617 108.0
54.998626709 110.0
54.9985351562 112.0
54.9984436035 114.0
54.9983520508 116.0
54.998260498 118.0
54.9981689453 120.0
54.9980773926 122.0
54.9979858398 124.0
54.9978942871 126.0
54.9978027344 128.0
54.9977111816 130.0
54.9976196289 132.0
54.9975280762 134.0
54.9974365234 136.0
54.9973449707 138.0
54.997253418 140.0
54.9999084473 82.0
54.9998168945 84.0
54.9997253418 86.0
54.9996337891 88.0
54.9995422363 90.0
54.9994506836 92.0
54.9993591309 94.0
54.9992675781 96.0
54.9991760254 98.0
54.9990844727 100.0
54.9989929199 102.0
54.9989013672 104.0
54.9988098145 106.0
54.9987182617 108.0
54.998626709 110.0
54.9985351562 112.0
54.9984436035 114.0
54.9983520508 116.0
54.998260498 118.0
54.9981689453 120.0
54.9980773926 122.0
54.9979858398 124.0
54.9978942871 126.0
54.9978027344 128.0
54.9977111816 130.0
54.9976196289 132.0
54.9975280762 134.0
54.9974365234 136.0
54.9973449707 138.0
54.997253418 140.0
54.9999084473 82.0
54.9998168945 84.0
54.9997253418 86.0
54.9996337891 88.0
54.9995422363 90.0
54.9994506836 92.0
54.9993591309 94.0
54.9992675781 96.0
54.9991760254 98.0
54.9990844727 100.0
54.9989929199 102.0
54.9989013672 104.0
54.9988098145 106.0
54.9987182617 108.0
54.998626709 110.0
54.9985351562 112.0
54.9984436035 114.0
54.9983520508 116.0
54.998260498 118.0
54.9981689453 120.0
54.9980773926 122.0
54.9979858398 124.0
54.9978942871 126.0
54.9978027344 128.0
54.9977111816 130.0
54.9976196289 132.0
54.9975280762 134.0
54.9974365234 136.0
54.9973449707 138.0
54.997253418 140.0
54.9999084473 82.0
54.9998168945 84.0
54.9997253418 86.0
54.9996337891 88.0
54.9995422363 90.0
54.9994506836 92.0
54.9993591309 94.0
54.9992675781 96.0
54.9991760254 98.0
54.9990844727 100.0
54.9989929199 102.0
54.9989013672 104.0
54.9988098145 106.0
54.9987182617 108.0
54.998626709 110.0
54.9985351562 112.0
54.9984436035 114.0
54.9983520508 116.0
54.998260498 118.0
54.9981689453 120.0
54.9980773926 122.0
54.9979858398 124.0
54.9978942871 126.0
54.9978027344 128.0
54.9977111816 130.0
54.9976196289 132.0
54.9975280762 134.0
54.9974365234 136.0
54.9973449707 138.0
54.997253418 140.0
54.9891052246 318.0
54.9891967773 316.0
54.9892883301 314.0
54.9893798828 312.0
54.9894714355 310.0
54.9895629883 308.0
54.989654541 306.0
54.9897460938 304.0
54.9898376465 302.0
54.9899291992 300.0
54.990020752 298.0
54.9901123047 296.0
54.9902038574 294.0
54.9902954102 292.0
54.9903869629 290.0
54.9904785156 288.0
54.9905700684 286.0
54.9906616211 284.0
54.9907531738 282.0
54.9908447266 280.0
54.9909362793 278.0
54.991027832 276.0
54.9911193848 274.0
54.9912109375 272.0
54.9913024902 270.0
54.991394043 268.0
54.9914855957 266.0
54.9915771484 264.0
54.9916687012 262.0
54.9917602539 260.0
54.9918518066 258.0
54.9919433594 256.0
54.9920349121 254.0
54.9921264648 252.0
54.9922180176 250.0
54.9923095703 248.0
54.992401123 246.0
54.9924926758 244.0
54.9925842285 242.0
54.9926757812 240.0
54.992767334 238.0
54.9928588867 236.0
54.9929504395 234.0
54.9930419922 232.0
54.9931335449 230.0
54.9932250977 228.0
54.9933166504 226.0
54.9934082031 224.0
54.9934997559 222.0
54.9935913086 220.0
54.9936828613 218.0
54.9937744141 216.0
54.9938659668 214.0
54.9939575195 212.0
54.9940490723 210.0
54.994140625 208.0
54.9942321777 206.0
54.9943237305 204.0
54.9944152832 202.0
54.9945068359 200.0
54.9918518066 258.0
54.9919433594 256.0
54.9920349121 254.0
54.9921264648 252.0
54.9922180176 250.0
54.9923095703 248.0
54.992401123 246.0
54.9924926758 244.0
54.9925842285 242.0
54.9926757812 240.0
54.992767334 238.0
54.9928588867 236.0
54.9929504395 234.0
54.9930419922 232.0
54.9931335449 230.0
54.9932250977 228.0
54.9933166504 226.0
54.9934082031 224.0
54.9934997559 222.0
54.9935913086 220.0
54.9936828613 218.0
54.9937744141 216.0
54.9938659668 214.0
54.9939575195 212.0
54.9940490723 210.0
54.994140625 208.0
54.9942321777 206.0
54.9943237305 204.0
54.9944152832 202.0
54.9945068359 200.0
54.9918518066 258.0
54.9919433594 256.0
54.9920349121 254.0
54.9921264648 252.0
54.9922180176 250.0
54.9923095703 248.0
54.992401123 246.0
54.9924926758 244.0
54.9925842285 242.0
54.9926757812 240.0
54.992767334 238.0
54.9928588867 236.0
54.9929504395 234.0
54.9930419922 232.0
54.9931335449 230.0
54.9932250977 228.0
54.9933166504 226.0
54.9934082031 224.0
54.9934997559 222.0
54.9935913086 220.0
54.9936828613 218.0
54.9937744141 216.0
54.9938659668 214.0
54.9939575195 212.0
54.9940490723 210.0
54.994140625 208.0
54.9942321777 206.0
54.9943237305 204.0
54.9944152832 202.0
54.9945068359 200.0
54.9916687012 262.0
54.9915771484 264.0
54.9914855957 266.0
54.991394043 268.0
54.9913024902 270.0
54.9912109375 272.0
54.9911193848 274.0
54.991027832 276.0
54.9909362793 278.0
54.9908447266 280.0
54.9907531738 282.0
54.9906616211 284.0
54.9905700684 286.0
54.9904785156 288.0
54.9903869629 290.0
54.9902954102 292.0
54.9902038574 294.0
54.9901123047 296.0
54.990020752 298.0
54.9899291992 300.0
54.9898376465 302.0
54.9897460938 304.0
54.989654541 306.0
54.9895629883 308.0
54.9894714355 310.0
54.9893798828 312.0
54.9892883301 314.0
54.9891967773 316.0
54.9891052246 318.0
54.9890136719 320.0
54.9945983887 198.0
54.9946899414 196.0
54.9947814941 194.0
54.9948730469 192.0
54.9949645996 190.0
54.9950561523 188.0
54.9951477051 186.0
54.9952392578 184.0
54.9953308105 182.0
54.9954223633 180.0
54.995513916 178.0
54.9956054688 176.0
54.9956970215 174.0
54.9957885742 172.0
54.995880127 170.0
54.9959716797 168.0
54.9960632324 166.0
54.9961547852 164.0
54.9962463379 162.0
54.9963378906 160.0
54.9964294434 158.0
54.9965209961 156.0
54.9966125488 154.0
54.9967041016 152.0
54.9967956543 150.0
54.996887207 148.0
54.9969787598 146.0
54.9970703125 144.0
54.9971618652 142.0
54.997253418 140.0
54.9945983887 198.0
54.9946899414 196.0
54.9947814941 194.0
54.9948730469 192.0
54.9949645996 190.0
54.9950561523 188.0
54.9951477051 186.0
54.9952392578 184.0
54.9953308105 182.0
54.9954223633 180.0
54.995513916 178.0
54.9956054688 176.0
54.9956970215 174.0
54.9957885742 172.0
54.995880127 170.0
54.9959716797 168.0
54.9960632324 166.0
54.9961547852 164.0
54.9962463379 162.0
54.9963378906 160.0
54.9964294434 158.0
54.9965209961 156.0
54.9966125488 154.0
54.9967041016 152.0
54.9967956543 150.0
54.996887207 148.0
54.9969787598 146.0
54.9970703125 144.0
54.9971618652 142.0
54.997253418 140.0
54.9945983887 198.0
54.9946899414 196.0
54.9947814941 194.0
54.9948730469 192.0
54.9949645996 190.0
54.9950561523 188.0
54.9951477051 186.0
54.9952392578 184.0
54.9953308105 182.0
54.9954223633 180.0
54.995513916 178.0
54.9956054688 176.0
54.9956970215 174.0
54.9957885742 172.0
54.995880127 170.0
54.9959716797 168.0
54.9960632324 166.0
54.9961547852 164.0
54.9962463379 162.0
54.9963378906 160.0
54.9964294434 158.0
54.9965209961 156.0
54.9966125488 154.0
54.9967041016 152.0
54.9967956543 150.0
54.996887207 148.0
54.9969787598 146.0
54.9970703125 144.0
54.9971618652 142.0
54.997253418 140.0
54.9945983887 198.0
54.9946899414 196.0
54.9947814941 194.0
54.9948730469 192.0
54.9949645996 190.0
54.9950561523 188.0
54.9951477051 186.0
54.9952392578 184.0
54.9953308105 182.0
54.9954223633 180.0
54.995513916 178.0
54.9956054688 176.0
54.9956970215 174.0
54.9957885742 172.0
54.995880127 170.0
54.9959716797 168.0
54.9960632324 166.0
54.9961547852 164.0
54.9962463379 162.0
54.9963378906 160.0
54.9964294434 158.0
54.9965209961 156.0
54.9966125488 154.0
54.9967041016 152.0
54.9967956543 150.0
54.996887207 148.0
54.9969787598 146.0
54.9970703125 144.0
54.9971618652 142.0
54.997253418 140.0
54.9945983887 198.0
54.9946899414 196.0
54.9947814941 194.0
54.9948730469 192.0
54.9949645996 190.0
54.9950561523 188.0
54.9951477051 186.0
54.9952392578 184.0
54.9953308105 182.0
54.9954223633 180.0
54.995513916 178.0
54.9956054688 176.0
54.9956970215 174.0
54.9957885742 172.0
54.995880127 170.0
54.9959716797 168.0
54.9960632324 166.0
54.9961547852 164.0
54.9962463379 162.0
54.9963378906 160.0
54.9964294434 158.0
54.9965209961 156.0
54.9966125488 154.0
54.9967041016 152.0
54.9967956543 150.0
54.996887207 148.0
54.9969787598 146.0
54.9970703125 144.0
54.9971618652 142.0
54.997253418 140.0
54.9944152832 202.0
54.9943237305 204.0
54.9942321777 206.0
54.994140625 208.0
54.9940490723 210.0
54.9939575195 212.0
54.9938659668 214.0
54.9937744141 216.0
54.9936828613 218.0
54.9935913086 220.0
54.9934997559 222.0
54.9934082031 224.0
54.9933166504 226.0
54.9932250977 228.0
54.9931335449 230.0
54.9930419922 232.0
54.9929504395 234.0
54.9928588867 236.0
54.992767334 238.0
54.9926757812 240.0
54.9925842285 242.0
54.9924926758 244.0
54.992401123 246.0
54.9923095703 248.0
54.9922180176 250.0
54.9921264648 252.0
54.9920349121 254.0
54.9919433594 256.0
54.9918518066 258.0
54.9917602539 260.0
54.9944152832 202.0
54.9943237305 204.0
54.9942321777 206.0
54.994140625 208.0
54.9940490723 210.0
54.9939575195 212.0
54.9938659668 214.0
54.9937744141 216.0
54.9936828613 218.0
54.9935913086 220.0
54.9934997559 222.0
54.9934082031 224.0
54.9933166504 226.0
54.9932250977 228.0
54.9931335449 230.0
54.9930419922 232.0
54.9929504395 234.0
54.9928588867 236.0
54.992767334 238.0
54.9926757812 240.0
54.9925842285 242.0
54.9924926758 244.0
54.992401123 246.0
54.9923095703 248.0
54.9922180176 250.0
54.9921264648 252.0
54.9920349121 254.0
54.9919433594 256.0
54.9918518066 258.0
54.9917602539 260.0
54.9944152832 202.0
54.9943237305 204.0
54.9942321777 206.0
54.994140625 208.0
54.9940490723 210.0
54.9939575195 212.0
54.9938659668 214.0
54.9937744141 216.0
54.9936828613 218.0
54.9935913086 220.0
54.9934997559 222.0
54.9934082031 224.0
54.9933166504 226.0
54.9932250977 228.0
54.9931335449 230.0
54.9930419922 232.0
54.9929504395 234.0
54.9928588867 236.0
54.992767334 238.0
54.9926757812 240.0
54.9925842285 242.0
54.9924926758 244.0
54.992401123 246.0
54.9923095703 248.0
54.9922180176 250.0
54.9921264648 252.0
54.9920349121 254.0
54.9919433594 256.0
54.9918518066 258.0
54.9917602539 260.0
54.9944152832 202.0
54.9943237305 204.0
54.9942321777 206.0
54.994140625 208.0
54.9940490723 210.0
54.9939575195 212.0
54.9938659668 214.0
54.9937744141 216.0
54.9936828613 218.0
54.9935913086 220.0
54.9934997559 222.0
54.9934082031 224.0
54.9933166504 226.0
54.9932250977 228.0
54.9931335449 230.0
54.9930419922 232.0
54.9929504395 234.0
54.9928588867 236.0
54.992767334 238.0
54.9926757812 240.0
54.9925842285 242.0
54.9924926758 244.0
54.992401123 246.0
54.9923095703 248.0
54.9922180176 250.0
54.9921264648 252.0
54.9920349121 254.0
54.9919433594 256.0
54.9918518066 258.0
54.9917602539 260.0
54.9973449707 138.0
54.9974365234 136.0
54.9975280762 134.0
54.9976196289 132.0
54.9977111816 130.0
54.9978027344 128.0
54.9978942871 126.0
54.9979858398 124.0
54.9980773926 122.0
54.9981689453 120.0
54.998260498 118.0
54.9983520508 116.0
54.9984436035 114.0
54.9985351562 112.0
54.998626709 110.0
54.9987182617 108.0
54.9988098145 106.0
54.9989013672 104.0
54.9989929199 102.0
54.9990844727 100.0
54.9991760254 98.0
54.9992675781 96.0
54.9993591309 94.0
54.9994506836 92.0
54.9995422363 90.0
54.9996337891 88.0
54.9997253418 86.0
54.9998168945 84.0
54.9999084473 82.0
55.0 80.0
54.9973449707 138.0
54.9974365234 136.0
54.9975280762 134.0
54.9976196289 132.0
54.9977111816 130.0
54.9978027344 128.0
54.9978942871 126.0
54.9979858398 124.0
54.9980773926 122.0
54.9981689453 120.0
54.998260498 118.0
54.9983520508 116.0
54.9984436035 114.0
54.9985351562 112.0
54.998626709 110.0
54.9987182617 108.0
54.9988098145 106.0
54.9989013672 104.0
54.9989929199 102.0
54.9990844727 100.0
54.9991760254 98.0
54.9992675781 96.0
54.9993591309 94.0
54.9994506836 92.0
54.9995422363 90.0
54.9996337891 88.0
54.9997253418 86.0
54.9998168945 84.0
54.9999084473 82.0
55.0 80.0
54.9973449707 138.0
54.9974365234 136.0
54.9975280762 134.0
54.9976196289 132.0
54.9977111816 130.0
54.9978027344 128.0
54.9978942871 126.0
54.9979858398 124.0
54.9980773926 122.0
54.9981689453 120.0
54.998260498 118.0
54.9983520508 116.0
54.9984436035 114.0
54.9985351562 112.0
54.998626709 110.0
54.9987182617 108.0
54.9988098145 106.0
54.9989013672 104.0
54.9989929199 102.0
54.9990844727 100.0
54.9991760254 98.0
54.9992675781 96.0
54.9993591309 94.0
54.9994506836 92.0
54.9995422363 90.0
54.9996337891 88.0
54.9997253418 86.0
54.9998168945 84.0
54.9999084473 82.0
55.0 80.0
54.9973449707 138.0
54.9974365234 136.0
54.9975280762 134.0
54.9976196289 132.0
54.9977111816 130.0
54.9978027344 128.0
54.9978942871 126.0
54.9979858398 124.0
54.9980773926 122.0
54.9981689453 120.0
54.998260498 118.0
54.9983520508 116.0
54.9984436035 114.0
54.9985351562 112.0
54.998626709 110.0
54.9987182617 108.0
54.9988098145 106.0
54.9989013672 104.0
54.9989929199 102.0
54.9990844727 100.0
54.9991760254 98.0
54.9992675781 96.0
54.9993591309 94.0
54.9994506836 92.0
54.9995422363 90.0
54.9996337891 88.0
54.9997253418 86.0
54.9998168945 84.0
54.9999084473 82.0
55.0 80.0
54.9973449707 138.0
54.9974365234 136.0
54.9975280762 134.0
54.9976196289 132.0
54.9977111816 130.0
54.9978027344 128.0
54.9978942871 126.0
54.9979858398 124.0
54.9980773926 122.0
54.9981689453 120.0
54.998260498 118.0
54.9983520508 116.0
54.9984436035 114.0
54.9985351562 112.0
54.998626709 110.0
54.9987182617 108.0
54.9988098145 106.0
54.9989013672 104.0
54.9989929199 102.0
54.9990844727 100.0
54.9991760254 98.0
54.9992675781 96.0
54.9993591309 94.0
54.9994506836 92.0
54.9995422363 90.0
54.9996337891 88.0
54.9997253418 86.0
54.9998168945 84.0
54.9999084473 82.0
55.0 80.0
54.9971618652 142.0
54.9970703125 144.0
54.9969787598 146.0
54.996887207 148.0
54.9967956543 150.0
54.9967041016 152.0
54.9966125488 154.0
54.9965209961 156.0
54.9964294434 158.0
54.9963378906 160.0
54.9962463379 162.0
54.9961547852 164.0
54.9960632324 166.0
54.9959716797 168.0
54.995880127 170.0
54.9957885742 172.0
54.9956970215 174.0
54.9956054688 176.0
54.995513916 178.0
54.9954223633 180.0
54.9953308105 182.0
54.9952392578 184.0
54.9951477051 186.0
54.9950561523 188.0
54.9949645996 190.0
54.9948730469 192.0
54.9947814941 194.0
54.9946899414 196.0
54.9945983887 198.0
54.9945068359 200.0
54.9971618652 142.0
54.9970703125 144.0
54.9969787598 146.0
54.996887207 148.0
54.9967956543 150.0
54.9967041016 152.0
54.9966125488 154.0
54.9965209961 156.0
54.9964294434 158.0
54.9963378906 160.0
54.9962463379 162.0
54.9961547852 164.0
54.9960632324 166.0
54.9959716797 168.0
54.995880127 170.0
54.9957885742 172.0
54.9956970215 174.0
54.9956054688 176.0
54.995513916 178.0
54.9954223633 180.0
54.9953308105 182.0
54.9952392578 184.0
54.9951477051 186.0
54.9950561523 188.0
54.9949645996 190.0
54.9948730469 192.0
54.9947814941 194.0
54.9946899414 196.0
54.9945983887 198.0
54.9945068359 200.0
54.9971618652 142.0
54.9970703125 144.0
54.9969787598 146.0
54.996887207 148.0
54.9967956543 150.0
54.9967041016 152.0
54.9966125488 154.0
54.9965209961 156.0
54.9964294434 158.0
54.9963378906 160.0
54.9962463379 162.0
54.9961547852 164.0
54.9960632324 166.0
54.9959716797 168.0
54.995880127 170.0
54.9957885742 172.0
54.9956970215 174.0
54.9956054688 176.0
54.995513916 178.0
54.9954223633 180.0
54.9953308105 182.0
54.9952392578 184.0
54.9951477051 186.0
54.9950561523 188.0
54.9949645996 190.0
54.9948730469 192.0
54.9947814941 194.0
54.9946899414 196.0
54.9945983887 198.0
54.9945068359 200.0
54.9971618652 142.0
54.9970703125 144.0
54.9969787598 146.0
54.996887207 148.0
54.9967956543 150.0
54.9967041016 152.0
54.9966125488 154.0
54.9965209961 156.0
54.9964294434 158.0
54.9963378906 160.0
54.9962463379 162.0
54.9961547852 164.0
54.9960632324 166.0
54.9959716797 168.0
54.995880127 170.0
54.9957885742 172.0
54.9956970215 174.0
54.9956054688 176.0
54.995513916 178.0
54.9954223633 180.0
54.9953308105 182.0
54.9952392578 184.0
54.9951477051 186.0
54.9950561523 188.0
54.9949645996 190.0
54.9948730469 192.0
54.9947814941 194.0
54.9946899414 196.0
54.9945983887 198.0
54.9945068359 200.0
54.9971618652 142.0
54.9970703125 144.0
54.9969787598 146.0
54.996887207 148.0
54.9967956543 150.0
54.9967041016 152.0
54.9966125488 154.0
54.9965209961 156.0
54.9964294434 158.0
54.9963378906 160.0
54.9962463379 162.0
54.9961547852 164.0
54.9960632324 166.0
54.9959716797 168.0
54.995880127 170.0
54.9957885742 172.0
54.9956970215 174.0
54.9956054688 176.0
54.995513916 178.0
54.9954223633 180.0
54.9953308105 182.0
54.9952392578 184.0
54.9951477051 186.0
54.9950561523 188.0
54.9949645996 190.0
54.9948730469 192.0
54.9947814941 194.0
54.9946899414 196.0
54.9945983887 198.0
54.9945068359 200.0
54.9971618652 142.0
54.9970703125 144.0
54.9969787598 146.0
54.996887207 148.0
54.9967956543 150.0
54.9967041016 152.0
54.9966125488 154.0
54.9965209961 156.0
54.9964294434 158.0
54.9963378906 160.0
54.9962463379 162.0
54.9961547852 164.0
54.9960632324 166.0
54.9959716797 168.0
54.995880127 170.0
54.9957885742 172.0
54.9956970215 174.0
54.9956054688 176.0
54.995513916 178.0
54.9954223633 180.0
54.9953308105 182.0
54.9952392578 184.0
54.9951477051 186.0
54.9950561523 188.0
54.9949645996 190.0
54.9948730469 192.0
54.9947814941 194.0
54.9946899414 196.0
54.9945983887 198.0
54.9945068359 200.0
54.9971618652 142.0
54.9970703125 144.0
54.9969787598 146.0
54.996887207 148.0
54.9967956543 150.0
54.9967041016 152.0
54.9966125488 154.0
54.9965209961 156.0
54.9964294434 158.0
54.9963378906 160.0
54.9962463379 162.0
54.9961547852 164.0
54.9960632324 166.0
54.9959716797 168.0
54.995880127 170.0
54.9957885742 172.0
54.9956970215 174.0
54.9956054688 176.0
54.995513916 178.0
54.9954223633 180.0
54.9953308105 182.0
54.9952392578 184.0
54.9951477051 186.0
54.9950561523 188.0
54.9949645996 190.0
54.9948730469 192.0
54.9947814941 194.0
54.9946899414 196.0
54.9945983887 198.0
54.9945068359 200.0
54.9971618652 142.0
54.9970703125 144.0
54.9969787598 146.0
54.996887207 148.0
54.9967956543 150.0
54.9967041016 152.0
54.9966125488 154.0
54.9965209961 156.0
54.9964294434 158.0
54.9963378906 160.0
54.9962463379 162.0
54.9961547852 164.0
54.9960632324 166.0
54.9959716797 168.0
54.995880127 170.0
54.9957885742 172.0
54.9956970215 174.0
54.9956054688 176.0
54.995513916 178.0
54.9954223633 180.0
54.9953308105 182.0
54.9952392578 184.0
54.9951477051 186.0
54.9950561523 188.0
54.9949645996 190.0
54.9948730469 192.0
54.9947814941 194.0
54.9946899414 196.0
54.9945983887 198.0
54.9945068359 200.0
54.9971618652 142.0
54.9970703125 144.0
54.9969787598 146.0
54.996887207 148.0
54.9967956543 150.0
54.9967041016 152.0
54.9966125488 154.0
54.9965209961 156.0
54.9964294434 158.0
54.9963378906 160.0
54.9962463379 162.0
54.9961547852 164.0
54.9960632324 166.0
54.9959716797 168.0
54.995880127 170.0
54.9957885742 172.0
54.9956970215 174.0
54.9956054688 176.0
54.995513916 178.0
54.9954223633 180.0
54.9953308105 182.0
54.9952392578 184.0
54.9951477051 186.0
54.9950561523 188.0
54.9949645996 190.0
54.9948730469 192.0
54.9947814941 194.0
54.9946899414 196.0
54.9945983887 198.0
54.9945068359 200.0
54.9999084473 82.0
54.9998168945 84.0
54.9997253418 86.0
54.9996337891 88.0
54.9995422363 90.0
54.9994506836 92.0
54.9993591309 94.0
54.9992675781 96.0
54.9991760254 98.0
54.9990844727 100.0
54.9989929199 102.0
54.9989013672 104.0
54.9988098145 106.0
54.9987182617 108.0
54.998626709 110.0
54.9985351562 112.0
54.9984436035 114.0
54.9983520508 116.0
54.998260498 118.0
54.9981689453 120.0
54.9980773926 122.0
54.9979858398 124.0
54.9978942871 126.0
54.9978027344 128.0
54.9977111816 130.0
54.9976196289 132.0
54.9975280762 134.0
54.9974365234 136.0
54.9973449707 138.0
54.997253418 140.0
54.9999084473 82.0
54.9998168945 84.0
54.9997253418 86.0
54.9996337891 88.0
54.9995422363 90.0
54.9994506836 92.0
54.9993591309 94.0
54.9992675781 96.0
54.9991760254 98.0
54.9990844727 100.0
54.9989929199 102.0
54.9989013672 104.0
54.9988098145 106.0
54.9987182617 108.0
54.998626709 110.0
54.9985351562 112.0
54.9984436035 114.0
54.9983520508 116.0
54.998260498 118.0
54.9981689453 120.0
54.9980773926 122.0
54.9979858398 124.0
54.9978942871 126.0
54.9978027344 128.0
54.9977111816 130.0
54.9976196289 132.0
54.9975280762 134.0
54.9974365234 136.0
54.9973449707 138.0
54.997253418 140.0
54.9999084473 82.0
54.9998168945 84.0
54.9997253418 86.0
54.9996337891 88.0
54.9995422363 90.0
54.9994506836 92.0
54.9993591309 94.0
54.9992675781 96.0
54.9991760254 98.0
54.9990844727 100.0
54.9989929199 102.0
54.9989013672 104.0
54.9988098145 106.0
54.9987182617 108.0
54.998626709 110.0
54.9985351562 112.0
54.9984436035 114.0
54.9983520508 116.0
54.998260498 118.0
54.9981689453 120.0
54.9980773926 122.0
54.9979858398 124.0
54.9978942871 126.0
54.9978027344 128.0
54.9977111816 130.0
54.9976196289 132.0
54.9975280762 134.0
54.9974365234 136.0
54.9973449707 138.0
54.997253418 140.0
54.9999084473 82.0
54.9998168945 84.0
54.9997253418 86.0
54.9996337891 88.0
54.9995422363 90.0
54.9994506836 92.0
54.9993591309 94.0
54.9992675781 96.0
54.9991760254 98.0
54.9990844727 100.0
54.9989929199 102.0
54.9989013672 104.0
54.9988098145 106.0
54.9987182617 108.0
54.998626709 110.0
54.9985351562 112.0
54.9984436035 114.0
54.9983520508 116.0
54.998260498 118.0
54.9981689453 120.0
54.9980773926 122.0
54.9979858398 124.0
54.9978942871 126.0
54.9978027344 128.0
54.9977111816 130.0
54.9976196289 132.0
54.9975280762 134.0
54.9974365234 136.0
54.9973449707 138.0
54.997253418 140.0
54.9999084473 82.0
54.9998168945 84.0
54.9997253418 86.0
54.9996337891 88.0
54.9995422363 90.0
54.9994506836 92.0
54.9993591309 94.0
54.9992675781 96.0
54.9991760254 98.0
54.9990844727 100.0
54.9989929199 102.0
54.9989013672 104.0
54.9988098145 106.0
54.9987182617 108.0
54.998626709 110.0
54.9985351562 112.0
54.9984436035 114.0
54.9983520508 116.0
54.998260498 118.0
54.9981689453 120.0
54.9980773926 122.0
54.9979858398 124.0
54.9978942871 126.0
54.9978027344 128.0
54.9977111816 130.0
54.9976196289 132.0
54.9975280762 134.0
54.9974365234 136.0
54.9973449707 138.0
54.997253418 140.0
54.9999084473 82.0
54.9998168945 84.0
54.9997253418 86.0
54.9996337891 88.0
54.9995422363 90.0
54.9994506836 92.0
54.9993591309 94.0
54.9992675781 96.0
54.9991760254 98.0
54.9990844727 100.0
54.9989929199 102.0
54.9989013672 104.0
54.9988098145 106.0
54.9987182617 108.0
54.998626709 110.0
54.9985351562 112.0
54.9984436035 114.0
54.9983520508 116.0
54.998260498 118.0
54.9981689453 120.0
54.9980773926 122.0
54.9979858398 124.0
54.9978942871 126.0
54.9978027344 128.0
54.9977111816 130.0
54.9976196289 132.0
54.9975280762 134.0
54.9974365234 136.0
54.9973449707 138.0
54.997253418 140.0
54.9999084473 82.0
54.9998168945 84.0
54.9997253418 86.0
54.9996337891 88.0
54.9995422363 90.0
54.9994506836 92.0
54.9993591309 94.0
54.9992675781 96.0
54.9991760254 98.0
54.9990844727 100.0
54.9989929199 102.0
54.9989013672 104.0
54.9988098145 106.0
54.9987182617 108.0
54.998626709 110.0
54.9985351562 112.0
54.9984436035 114.0
54.9983520508 116.0
54.998260498 118.0
54.9981689453 120.0
54.9980773926 122.0
54.9979858398 124.0
54.9978942871 126.0
54.9978027344 128.0
54.9977111816 130.0
54.9976196289 132.0
54.9975280762 134.0
54.9974365234 136.0
54.9973449707 138.0
54.997253418 140.0
54.9999084473 82.0
54.9998168945 84.0
54.9997253418 86.0
54.9996337891 88.0
54.9995422363 90.0
54.9994506836 92.0
54.9993591309 94.0
54.9992675781 96.0
54.9991760254 98.0
54.9990844727 100.0
54.9989929199 102.0
54.9989013672 104.0
54.9988098145 106.0
54.9987182617 108.0
54.998626709 110.0
54.9985351562 112.0
54.9984436035 114.0
54.9983520508 116.0
54.998260498 118.0
54.9981689453 120.0
54.9980773926 122.0
54.9979858398 124.0
54.9978942871 126.0
54.9978027344 128.0
54.9977111816 130.0
54.9976196289 132.0
54.9975280762 134.0
54.9974365234 136.0
54.9973449707 138.0
54.997253418 140.0
54.9999084473 82.0
54.9998168945 84.0
54.9997253418 86.0
54.9996337891 88.0
54.9995422363 90.0
54.9994506836 92.0
54.9993591309 94.0
54.9992675781 96.0
54.9991760254 98.0
54.9990844727 100.0
54.9989929199 102.0
54.9989013672 104.0
54.9988098145 106.0
54.9987182617 108.0
54.998626709 110.0
54.9985351562 112.0
54.9984436035 114.0
54.9983520508 116.0
54.998260498 118.0
54.9981689453 120.0
54.9980773926 122.0
54.9979858398 124.0
54.9978942871 126.0
54.9978027344 128.0
54.9977111816 130.0
54.9976196289 132.0
54.9975280762 134.0
54.9974365234 136.0
54.9973449707 138.0
54.997253418 140.0
54.9999084473 82.0
54.9998168945 84.0
54.9997253418 86.0
54.9996337891 88.0
54.9995422363 90.0
54.9994506836 92.0
54.9993591309 94.0
54.9992675781 96.0
54.9991760254 98.0
54.9990844727 100.0
54.9989929199 102.0
54.9989013672 104.0
54.9988098145 106.0
54.9987182617 108.0
54.998626709 110.0
54.9985351562 112.0
54.9984436035 114.0
54.9983520508 116.0
54.998260498 118.0
54.9981689453 120.0
54.9980773926 122.0
54.9979858398 124.0
54.9978942871 126.0
54.9978027344 128.0
54.9977111816 130.0
54.9976196289 132.0
54.9975280762 134.0
54.9974365234 136.0
54.9973449707 138.0
54.997253418 140.0
54.9999084473 82.0
54.9998168945 84.0
54.9997253418 86.0
54.9996337891 88.0
54.9995422363 90.0
54.9994506836 92.0
54.9993591309 94.0
54.9992675781 96.0
54.9991760254 98.0
54.9990844727 100.0
54.9989929199 102.0
54.9989013672 104.0
54.9988098145 106.0
54.9987182617 108.0
54.998626709 110.0
54.9985351562 112.0
54.9984436035 114.0
54.9983520508 116.0
54.998260498 118.0
54.9981689453 120.0
54.9980773926 122.0
54.9979858398 124.0
54.9978942871 126.0
54.9978027344 128.0
54.9977111816 130.0
54.9976196289 132.0
54.9975280762 134.0
54.9974365234 136.0
54.9973449707 138.0
54.997253418 140.0
54.9999084473 82.0
54.9998168945 84.0
54.9997253418 86.0
54.9996337891 88.0
54.9995422363 90.0
54.9994506836 92.0
54.9993591309 94.0
54.9992675781 96.0
54.9991760254 98.0
54.9990844727 100.0
54.9989929199 102.0
54.9989013672 104.0
54.9988098145 106.0
54.9987182617 108.0
54.998626709 110.0
54.9985351562 112.0
54.9984436035 114.0
54.9983520508 116.0
54.998260498 118.0
54.9981689453 120.0
54.9980773926 122.0
54.9979858398 124.0
54.9978942871 126.0
54.9978027344 128.0
54.9977111816 130.0
54.9976196289 132.0
54.9975280762 134.0
54.9974365234 136.0
54.9973449707 138.0
54.997253418 140.0
54.9999084473 82.0
54.9998168945 84.0
54.9997253418 86.0
54.9996337891 88.0
54.9995422363 90.0
54.9994506836 92.0
54.9993591309 94.0
54.9992675781 96.0
54.9991760254 98.0
54.9990844727 100.0
54.9989929199 102.0
54.9989013672 104.0
54.9988098145 106.0
54.9987182617 108.0
54.998626709 110.0
54.9985351562 112.0
54.9984436035 114.0
54.9983520508 116.0
54.998260498 118.0
54.9981689453 120.0
54.9980773926 122.0
54.9979858398 124.0
54.9978942871 126.0
54.9978027344 128.0
54.9977111816 130.0
54.9976196289 132.0
54.9975280762 134.0
54.9974365234 136.0
54.9973449707 138.0
54.997253418 140.0
54.9999084473 82.0
54.9998168945 84.0
54.9997253418 86.0
54.9996337891 88.0
54.9995422363 90.0
54.9994506836 92.0
54.9993591309 94.0
54.9992675781 96.0
54.9991760254 98.0
54.9990844727 100.0
54.9989929199 102.0
54.9989013672 104.0
54.9988098145 106.0
54.9987182617 108.0
54.998626709 110.0
54.9985351562 112.0
54.9984436035 114.0
54.9983520508 116.0
54.998260498 118.0
54.9981689453 120.0
54.9980773926 122.0
54.9979858398 124.0
54.9978942871 126.0
54.9978027344 128.0
54.9977111816 130.0
54.9976196289 132.0
54.9975280762 134.0
54.9974365234 136.0
54.9973449707 138.0
54.997253418 140.0
54.9863586426 378.0
54.9864501953 376.0
54.986541748 374.0
54.9866333008 372.0
54.9867248535 370.0
54.9868164062 368.0
54.986907959 366.0
54.9869995117 364.0
54.9870910645 362.0
54.9871826172 360.0
54.9872741699 358.0
54.9873657227 356.0
54.9874572754 354.0
54.9875488281 352.0
54.9876403809 350.0
54.9877319336 348.0
54.9878234863 346.0
54.9879150391 344.0
54.9880065918 342.0
54.9880981445 340.0
54.9881896973 338.0
54.98828125 336.0
54.9883728027 334.0
54.9884643555 332.0
54.9885559082 330.0
54.9886474609 328.0
54.9887390137 326.0
54.9888305664 324.0
54.9889221191 322.0
54.9890136719 320.0
54.9891052246 318.0
54.9891967773 316.0
54.9892883301 314.0
54.9893798828 312.0
54.9894714355 310.0
54.9895629883 308.0
54.989654541 306.0
54.9897460938 304.0
54.9898376465 302.0
54.9899291992 300.0
54.990020752 298.0
54.9901123047 296.0
54.9902038574 294.0
54.9902954102 292.0
54.9903869629 290.0
54.9904785156 288.0
54.9905700684 286.0
54.9906616211 284.0
54.9907531738 282.0
54.9908447266 280.0
54.9909362793 278.0
54.991027832 276.0
54.9911193848 274.0
54.9912109375 272.0
54.9913024902 270.0
54.991394043 268.0
54.9914855957 266.0
54.9915771484 264.0
54.9916687012 262.0
54.9917602539 260.0
54.9891052246 318.0
54.9891967773 316.0
54.9892883301 314.0
54.9893798828 312.0
54.9894714355 310.0
54.9895629883 308.0
54.989654541 306.0
54.9897460938 304.0
54.9898376465 302.0
54.9899291992 300.0
54.990020752 298.0
54.9901123047 296.0
54.9902038574 294.0
54.9902954102 292.0
54.9903869629 290.0
54.9904785156 288.0
54.9905700684 286.0
54.9906616211 284.0
54.9907531738 282.0
54.9908447266 280.0
54.9909362793 278.0
54.991027832 276.0
54.9911193848 274.0
54.9912109375 272.0
54.9913024902 270.0
54.991394043 268.0
54.9914855957 266.0
54.9915771484 264.0
54.9916687012 262.0
54.9917602539 260.0
54.9891052246 318.0
54.9891967773 316.0
54.9892883301 314.0
54.9893798828 312.0
54.9894714355 310.0
54.9895629883 308.0
54.989654541 306.0
54.9897460938 304.0
54.9898376465 302.0
54.9899291992 300.0
54.990020752 298.0
54.9901123047 296.0
54.9902038574 294.0
54.9902954102 292.0
54.9903869629 290.0
54.9904785156 288.0
54.9905700684 286.0
54.9906616211 284.0
54.9907531738 282.0
54.9908447266 280.0
54.9909362793 278.0
54.991027832 276.0
54.9911193848 274.0
54.9912109375 272.0
54.9913024902 270.0
54.991394043 268.0
54.9914855957 266.0
54.9915771484 264.0
54.9916687012 262.0
54.9917602539 260.0
54.9891052246 318.0
54.9891967773 316.0
54.9892883301 314.0
54.9893798828 312.0
54.9894714355 310.0
54.9895629883 308.0
54.989654541 306.0
54.9897460938 304.0
54.9898376465 302.0
54.9899291992 300.0
54.990020752 298.0
54.9901123047 296.0
54.9902038574 294.0
54.9902954102 292.0
54.9903869629 290.0
54.9904785156 288.0
54.9905700684 286.0
54.9906616211 284.0
54.9907531738 282.0
54.9908447266 280.0
54.9909362793 278.0
54.991027832 276.0
54.9911193848 274.0
54.9912109375 272.0
54.9913024902 270.0
54.991394043 268.0
54.9914855957 266.0
54.9915771484 264.0
54.9916687012 262.0
54.9917602539 260.0
54.9918518066 258.0
54.9919433594 256.0
54.9920349121 254.0
54.9921264648 252.0
54.9922180176 250.0
54.9923095703 248.0
54.992401123 246.0
54.9924926758 244.0
54.9925842285 242.0
54.9926757812 240.0
54.992767334 238.0
54.9928588867 236.0
54.9929504395 234.0
54.9930419922 232.0
54.9931335449 230.0
54.9932250977 228.0
54.9933166504 226.0
54.9934082031 224.0
54.9934997559 222.0
54.9935913086 220.0
54.9936828613 218.0
54.9937744141 216.0
54.9938659668 214.0
54.9939575195 212.0
54.9940490723 210.0
54.994140625 208.0
54.9942321777 206.0
54.9943237305 204.0
54.9944152832 202.0
54.9945068359 200.0
54.9918518066 258.0
54.9919433594 256.0
54.9920349121 254.0
54.9921264648 252.0
54.9922180176 250.0
54.9923095703 248.0
54.992401123 246.0
54.9924926758 244.0
54.9925842285 242.0
54.9926757812 240.0
54.992767334 238.0
54.9928588867 236.0
54.9929504395 234.0
54.9930419922 232.0
54.9931335449 230.0
54.9932250977 228.0
54.9933166504 226.0
54.9934082031 224.0
54.9934997559 222.0
54.9935913086 220.0
54.9936828613 218.0
54.9937744141 216.0
54.9938659668 214.0
54.9939575195 212.0
54.9940490723 210.0
54.994140625 208.0
54.9942321777 206.0
54.9943237305 204.0
54.9944152832 202.0
54.9945068359 200.0
54.9918518066 258.0
54.9919433594 256.0
54.9920349121 254.0
54.9921264648 252.0
54.9922180176 250.0
54.9923095703 248.0
54.992401123 246.0
54.9924926758 244.0
54.9925842285 242.0
54.9926757812 240.0
54.992767334 238.0
54.9928588867 236.0
54.9929504395 234.0
54.9930419922 232.0
54.9931335449 230.0
54.9932250977 228.0
54.9933166504 226.0
54.9934082031 224.0
54.9934997559 222.0
54.9935913086 220.0
54.9936828613 218.0
54.9937744141 216.0
54.9938659668 214.0
54.9939575195 212.0
54.9940490723 210.0
54.994140625 208.0
54.9942321777 206.0
54.9943237305 204.0
54.9944152832 202.0
54.9945068359 200.0
54.9918518066 258.0
54.9919433594 256.0
54.9920349121 254.0
54.9921264648 252.0
54.9922180176 250.0
54.9923095703 248.0
54.992401123 246.0
54.9924926758 244.0
54.9925842285 242.0
54.9926757812 240.0
54.992767334 238.0
54.9928588867 236.0
54.9929504395 234.0
54.9930419922 232.0
54.9931335449 230.0
54.9932250977 228.0
54.9933166504 226.0
54.9934082031 224.0
54.9934997559 222.0
54.9935913086 220.0
54.9936828613 218.0
54.9937744141 216.0
54.9938659668 214.0
54.9939575195 212.0
54.9940490723 210.0
54.994140625 208.0
54.9942321777 206.0
54.9943237305 204.0
54.9944152832 202.0
54.9945068359 200.0
54.9918518066 258.0
54.9919433594 256.0
54.9920349121 254.0
54.9921264648 252.0
54.9922180176 250.0
54.9923095703 248.0
54.992401123 246.0
54.9924926758 244.0
54.9925842285 242.0
54.9926757812 240.0
54.992767334 238.0
54.9928588867 236.0
54.9929504395 234.0
54.9930419922 232.0
54.9931335449 230.0
54.9932250977 228.0
54.9933166504 226.0
54.9934082031 224.0
54.9934997559 222.0
54.9935913086 220.0
54.9936828613 218.0
54.9937744141 216.0
54.9938659668 214.0
54.9939575195 212.0
54.9940490723 210.0
54.994140625 208.0
54.9942321777 206.0
54.9943237305 204.0
54.9944152832 202.0
54.9945068359 200.0
54.9918518066 258.0
54.9919433594 256.0
54.9920349121 254.0
54.9921264648 252.0
54.9922180176 250.0
54.9923095703 248.0
54.992401123 246.0
54.9924926758 244.0
54.9925842285 242.0
54.9926757812 240.0
54.992767334 238.0
54.9928588867 236.0
54.9929504395 234.0
54.9930419922 232.0
54.9931335449 230.0
54.9932250977 228.0
54.9933166504 226.0
54.9934082031 224.0
54.9934997559 222.0
54.9935913086 220.0
54.9936828613 218.0
54.9937744141 216.0
54.9938659668 214.0
54.9939575195 212.0
54.9940490723 210.0
54.994140625 208.0
54.9942321777 206.0
54.9943237305 204.0
54.9944152832 202.0
54.9945068359 200.0
54.9918518066 258.0
54.9919433594 256.0
54.9920349121 254.0
54.9921264648 252.0
54.9922180176 250.0
54.9923095703 248.0
54.992401123 246.0
54.9924926758 244.0
54.9925842285 242.0
54.9926757812 240.0
54.992767334 238.0
54.9928588867 236.0
54.9929504395 234.0
54.9930419922 232.0
54.9931335449 230.0
54.9932250977 228.0
54.9933166504 226.0
54.9934082031 224.0
54.9934997559 222.0
54.9935913086 220.0
54.9936828613 218.0
54.9937744141 216.0
54.9938659668 214.0
54.9939575195 212.0
54.9940490723 210.0
54.994140625 208.0
54.9942321777 206.0
54.9943237305 204.0
54.9944152832 202.0
54.9945068359 200.0
54.9918518066 258.0
54.9919433594 256.0
54.9920349121 254.0
54.9921264648 252.0
54.9922180176 250.0
54.9923095703 248.0
54.992401123 246.0
54.9924926758 244.0
54.9925842285 242.0
54.9926757812 240.0
54.992767334 238.0
54.9928588867 236.0
54.9929504395 234.0
54.9930419922 232.0
54.9931335449 230.0
54.9932250977 228.0
54.9933166504 226.0
54.9934082031 224.0
54.9934997559 222.0
54.9935913086 220.0
54.9936828613 218.0
54.9937744141 216.0
54.9938659668 214.0
54.9939575195 212.0
54.9940490723 210.0
54.994140625 208.0
54.9942321777 206.0
54.9943237305 204.0
54.9944152832 202.0
54.9945068359 200.0
54.9918518066 258.0
54.9919433594 256.0
54.9920349121 254.0
54.9921264648 252.0
54.9922180176 250.0
54.9923095703 248.0
54.992401123 246.0
54.9924926758 244.0
54.9925842285 242.0
54.9926757812 240.0
54.992767334 238.0
54.9928588867 236.0
54.9929504395 234.0
54.9930419922 232.0
54.9931335449 230.0
54.9932250977 228.0
54.9933166504 226.0
54.9934082031 224.0
54.9934997559 222.0
54.9935913086 220.0
54.9936828613 218.0
54.9937744141 216.0
54.9938659668 214.0
54.9939575195 212.0
54.9940490723 210.0
54.994140625 208.0
54.9942321777 206.0
54.9943237305 204.0
54.9944152832 202.0
54.9945068359 200.0
54.9945983887 198.0
54.9946899414 196.0
54.9947814941 194.0
54.9948730469 192.0
54.9949645996 190.0
54.9950561523 188.0
54.9951477051 186.0
54.9952392578 184.0
54.9953308105 182.0
54.9954223633 180.0
54.995513916 178.0
54.9956054688 176.0
54.9956970215 174.0
54.9957885742 172.0
54.995880127 170.0
54.9959716797 168.0
54.9960632324 166.0
54.9961547852 164.0
54.9962463379 162.0
54.9963378906 160.0
54.9964294434 158.0
54.9965209961 156.0
54.9966125488 154.0
54.9967041016 152.0
54.9967956543 150.0
54.996887207 148.0
54.9969787598 146.0
54.9970703125 144.0
54.9971618652 142.0
54.997253418 140.0
54.9945983887 198.0
54.9946899414 196.0
54.9947814941 194.0
54.9948730469 192.0
54.9949645996 190.0
54.9950561523 188.0
54.9951477051 186.0
54.9952392578 184.0
54.9953308105 182.0
54.9954223633 180.0
54.995513916 178.0
54.9956054688 176.0
54.9956970215 174.0
54.9957885742 172.0
54.995880127 170.0
54.9959716797 168.0
54.9960632324 166.0
54.9961547852 164.0
54.9962463379 162.0
54.9963378906 160.0
54.9964294434 158.0
54.9965209961 156.0
54.9966125488 154.0
54.9967041016 152.0
54.9967956543 150.0
54.996887207 148.0
54.9969787598 146.0
54.9970703125 144.0
54.9971618652 142.0
54.997253418 140.0
54.9945983887 198.0
54.9946899414 196.0
54.9947814941 194.0
54.9948730469 192.0
54.9949645996 190.0
54.9950561523 188.0
54.9951477051 186.0
54.9952392578 184.0
54.9953308105 182.0
54.9954223633 180.0
54.995513916 178.0
54.9956054688 176.0
54.9956970215 174.0
54.9957885742 172.0
54.995880127 170.0
54.9959716797 168.0
54.9960632324 166.0
54.9961547852 164.0
54.9962463379 162.0
54.9963378906 160.0
54.9964294434 158.0
54.9965209961 156.0
54.9966125488 154.0
54.9967041016 152.0
54.9967956543 150.0
54.996887207 148.0
54.9969787598 146.0
54.9970703125 144.0
54.9971618652 142.0
54.997253418 140.0
54.9945983887 198.0
54.9946899414 196.0
54.9947814941 194.0
54.9948730469 192.0
54.9949645996 190.0
54.9950561523 188.0
54.9951477051 186.0
54.9952392578 184.0
54.9953308105 182.0
54.9954223633 180.0
54.995513916 178.0
54.9956054688 176.0
54.9956970215 174.0
54.9957885742 172.0
54.995880127 170.0
54.9959716797 168.0
54.9960632324 166.0
54.9961547852 164.0
54.9962463379 162.0
54.9963378906 160.0
54.9964294434 158.0
54.9965209961 156.0
54.9966125488 154.0
54.9967041016 152.0
54.9967956543 150.0
54.996887207 148.0
54.9969787598 146.0
54.9970703125 144.0
54.9971618652 142.0
54.997253418 140.0
54.9945983887 198.0
54.9946899414 196.0
54.9947814941 194.0
54.9948730469 192.0
54.9949645996 190.0
54.9950561523 188.0
54.9951477051 186.0
54.9952392578 184.0
54.9953308105 182.0
54.9954223633 180.0
54.995513916 178.0
54.9956054688 176.0
54.9956970215 174.0
54.9957885742 172.0
54.995880127 170.0
54.9959716797 168.0
54.9960632324 166.0
54.9961547852 164.0
54.9962463379 162.0
54.9963378906 160.0
54.9964294434 158.0
54.9965209961 156.0
54.9966125488 154.0
54.9967041016 152.0
54.9967956543 150.0
54.996887207 148.0
54.9969787598 146.0
54.9970703125 144.0
54.9971618652 142.0
54.997253418 140.0
54.9945983887 198.0
54.9946899414 196.0
54.9947814941 194.0
54.9948730469 192.0
54.9949645996 190.0
54.9950561523 188.0
54.9951477051 186.0
54.9952392578 184.0
54.9953308105 182.0
54.9954223633 180.0
54.995513916 178.0
54.9956054688 176.0
54.9956970215 174.0
54.9957885742 172.0
54.995880127 170.0
54.9959716797 168.0
54.9960632324 166.0
54.9961547852 164.0
54.9962463379 162.0
54.9963378906 160.0
54.9964294434 158.0
54.9965209961 156.0
54.9966125488 154.0
54.9967041016 152.0
54.9967956543 150.0
54.996887207 148.0
54.9969787598 146.0
54.9970703125 144.0
54.9971618652 142.0
54.997253418 140.0
54.9945983887 198.0
54.9946899414 196.0
54.9947814941 194.0
54.9948730469 192.0
54.9949645996 190.0
54.9950561523 188.0
54.9951477051 186.0
54.9952392578 184.0
54.9953308105 182.0
54.9954223633 180.0
54.995513916 178.0
54.9956054688 176.0
54.9956970215 174.0
54.9957885742 172.0
54.995880127 170.0
54.9959716797 168.0
54.9960632324 166.0
54.9961547852 164.0
54.9962463379 162.0
54.9963378906 160.0
54.9964294434 158.0
54.9965209961 156.0
54.9966125488 154.0
54.9967041016 152.0
54.9967956543 150.0
54.996887207 148.0
54.9969787598 146.0
54.9970703125 144.0
54.9971618652 142.0
54.997253418 140.0
54.9945983887 198.0
54.9946899414 196.0
54.9947814941 194.0
54.9948730469 192.0
54.9949645996 190.0
54.9950561523 188.0
54.9951477051 186.0
54.9952392578 184.0
54.9953308105 182.0
54.9954223633 180.0
54.995513916 178.0
54.9956054688 176.0
54.9956970215 174.0
54.9957885742 172.0
54.995880127 170.0
54.9959716797 168.0
54.9960632324 166.0
54.9961547852 164.0
54.9962463379 162.0
54.9963378906 160.0
54.9964294434 158.0
54.9965209961 156.0
54.9966125488 154.0
54.9967041016 152.0
54.9967956543 150.0
54.996887207 148.0
54.9969787598 146.0
54.9970703125 144.0
54.9971618652 142.0
54.997253418 140.0
54.9945983887 198.0
54.9946899414 196.0
54.9947814941 194.0
54.9948730469 192.0
54.9949645996 190.0
54.9950561523 188.0
54.9951477051 186.0
54.9952392578 184.0
54.9953308105 182.0
54.9954223633 180.0
54.995513916 178.0
54.9956054688 176.0
54.9956970215 174.0
54.9957885742 172.0
54.995880127 170.0
54.9959716797 168.0
54.9960632324 166.0
54.9961547852 164.0
54.9962463379 162.0
54.9963378906 160.0
54.9964294434 158.0
54.9965209961 156.0
54.9966125488 154.0
54.9967041016 152.0
54.9967956543 150.0
54.996887207 148.0
54.9969787598 146.0
54.9970703125 144.0
54.9971618652 142.0
54.997253418 140.0
54.9945983887 198.0
54.9946899414 196.0
54.9947814941 194.0
54.9948730469 192.0
54.9949645996 190.0
54.9950561523 188.0
54.9951477051 186.0
54.9952392578 184.0
54.9953308105 182.0
54.9954223633 180.0
54.995513916 178.0
54.9956054688 176.0
54.9956970215 174.0
54.9957885742 172.0
54.995880127 170.0
54.9959716797 168.0
54.9960632324 166.0
54.9961547852 164.0
54.9962463379 162.0
54.9963378906 160.0
54.9964294434 158.0
54.9965209961 156.0
54.9966125488 154.0
54.9967041016 152.0
54.9967956543 150.0
54.996887207 148.0
54.9969787598 146.0
54.9970703125 144.0
54.9971618652 142.0
54.997253418 140.0
54.9945983887 198.0
54.9946899414 196.0
54.9947814941 194.0
54.9948730469 192.0
54.9949645996 190.0
54.9950561523 188.0
54.9951477051 186.0
54.9952392578 184.0
54.9953308105 182.0
54.9954223633 180.0
54.995513916 178.0
54.9956054688 176.0
54.9956970215 174.0
54.9957885742 172.0
54.995880127 170.0
54.9959716797 168.0
54.9960632324 166.0
54.9961547852 164.0
54.9962463379 162.0
54.9963378906 160.0
54.9964294434 158.0
54.9965209961 156.0
54.9966125488 154.0
54.9967041016 152.0
54.9967956543 150.0
54.996887207 148.0
54.9969787598 146.0
54.9970703125 144.0
54.9971618652 142.0
54.997253418 140.0
54.9945983887 198.0
54.9946899414 196.0
54.9947814941 194.0
54.9948730469 192.0
54.9949645996 190.0
54.9950561523 188.0
54.9951477051 186.0
54.9952392578 184.0
54.9953308105 182.0
54.9954223633 180.0
54.995513916 178.0
54.9956054688 176.0
54.9956970215 174.0
54.9957885742 172.0
54.995880127 170.0
54.9959716797 168.0
54.9960632324 166.0
54.9961547852 164.0
54.9962463379 162.0
54.9963378906 160.0
54.9964294434 158.0
54.9965209961 156.0
54.9966125488 154.0
54.9967041016 152.0
54.9967956543 150.0
54.996887207 148.0
54.9969787598 146.0
54.9970703125 144.0
54.9971618652 142.0
54.997253418 140.0
54.9945983887 198.0
54.9946899414 196.0
54.9947814941 194.0
54.9948730469 192.0
54.9949645996 190.0
54.9950561523 188.0
54.9951477051 186.0
54.9952392578 184.0
54.9953308105 182.0
54.9954223633 180.0
54.995513916 178.0
54.9956054688 176.0
54.9956970215 174.0
54.9957885742 172.0
54.995880127 170.0
54.9959716797 168.0
54.9960632324 166.0
54.9961547852 164.0
54.9962463379 162.0
54.9963378906 160.0
54.9964294434 158.0
54.9965209961 156.0
54.9966125488 154.0
54.9967041016 152.0
54.9967956543 150.0
54.996887207 148.0
54.9969787598 146.0
54.9970703125 144.0
54.9971618652 142.0
54.997253418 140.0
54.9945983887 198.0
54.9946899414 196.0
54.9947814941 194.0
54.9948730469 192.0
54.9949645996 190.0
54.9950561523 188.0
54.9951477051 186.0
54.9952392578 184.0
54.9953308105 182.0
54.9954223633 180.0
54.995513916 178.0
54.9956054688 176.0
54.9956970215 174.0
54.9957885742 172.0
54.995880127 170.0
54.9959716797 168.0
54.9960632324 166.0
54.9961547852 164.0
54.9962463379 162.0
54.9963378906 160.0
54.9964294434 158.0
54.9965209961 156.0
54.9966125488 154.0
54.9967041016 152.0
54.9967956543 150.0
54.996887207 148.0
54.9969787598 146.0
54.9970703125 144.0
54.9971618652 142.0
54.997253418 140.0
54.9973449707 138.0
54.9974365234 136.0
54.9975280762 134.0
54.9976196289 132.0
54.9977111816 130.0
54.9978027344 128.0
54.9978942871 126.0
54.9979858398 124.0
54.9980773926 122.0
54.9981689453 120.0
54.998260498 118.0
54.9983520508 116.0
54.9984436035 114.0
54.9985351562 112.0
54.998626709 110.0
54.9987182617 108.0
54.9988098145 106.0
54.9989013672 104.0
54.9989929199 102.0
54.9990844727 100.0
54.9991760254 98.0
54.9992675781 96.0
54.9993591309 94.0
54.9994506836 92.0
54.9995422363 90.0
54.9996337891 88.0
54.9997253418 86.0
54.9998168945 84.0
54.9999084473 82.0
55.0 80.0
54.9973449707 138.0
54.9974365234 136.0
54.9975280762 134.0
54.9976196289 132.0
54.9977111816 130.0
54.9978027344 128.0
54.9978942871 126.0
54.9979858398 124.0
54.9980773926 122.0
54.9981689453 120.0
54.998260498 118.0
54.9983520508 116.0
54.9984436035 114.0
54.9985351562 112.0
54.998626709 110.0
54.9987182617 108.0
54.9988098145 106.0
54.9989013672 104.0
54.9989929199 102.0
54.9990844727 100.0
54.9991760254 98.0
54.9992675781 96.0
54.9993591309 94.0
54.9994506836 92.0
54.9995422363 90.0
54.9996337891 88.0
54.9997253418 86.0
54.9998168945 84.0
54.9999084473 82.0
55.0 80.0
54.9973449707 138.0
54.9974365234 136.0
54.9975280762 134.0
54.9976196289 132.0
54.9977111816 130.0
54.9978027344 128.0
54.9978942871 126.0
54.9979858398 124.0
54.9980773926 122.0
54.9981689453 120.0
54.998260498 118.0
54.9983520508 116.0
54.9984436035 114.0
54.9985351562 112.0
54.998626709 110.0
54.9987182617 108.0
54.9988098145 106.0
54.9989013672 104.0
54.9989929199 102.0
54.9990844727 100.0
54.9991760254 98.0
54.9992675781 96.0
54.9993591309 94.0
54.9994506836 92.0
54.9995422363 90.0
54.9996337891 88.0
54.9997253418 86.0
54.9998168945 84.0
54.9999084473 82.0
55.0 80.0
54.9973449707 138.0
54.9974365234 136.0
54.9975280762 134.0
54.9976196289 132.0
54.9977111816 130.0
54.9978027344 128.0
54.9978942871 126.0
54.9979858398 124.0
54.9980773926 122.0
54.9981689453 120.0
54.998260498 118.0
54.9983520508 116.0
54.9984436035 114.0
54.9985351562 112.0
54.998626709 110.0
54.9987182617 108.0
54.9988098145 106.0
54.9989013672 104.0
54.9989929199 102.0
54.9990844727 100.0
54.9991760254 98.0
54.9992675781 96.0
54.9993591309 94.0
54.9994506836 92.0
54.9995422363 90.0
54.9996337891 88.0
54.9997253418 86.0
54.9998168945 84.0
54.9999084473 82.0
55.0 80.0
54.9973449707 138.0
54.9974365234 136.0
54.9975280762 134.0
54.9976196289 132.0
54.9977111816 130.0
54.9978027344 128.0
54.9978942871 126.0
54.9979858398 124.0
54.9980773926 122.0
54.9981689453 120.0
54.998260498 118.0
54.9983520508 116.0
54.9984436035 114.0
54.9985351562 112.0
54.998626709 110.0
54.9987182617 108.0
54.9988098145 106.0
54.9989013672 104.0
54.9989929199 102.0
54.9990844727 100.0
54.9991760254 98.0
54.9992675781 96.0
54.9993591309 94.0
54.9994506836 92.0
54.9995422363 90.0
54.9996337891 88.0
54.9997253418 86.0
54.9998168945 84.0
54.9999084473 82.0
55.0 80.0
752.603393555 533.070495605
751.852416992 531.216918945
751.044067383 529.387634277
750.179199219 527.584411621
749.258544922 525.808959961
748.28302002 524.063110352
747.253662109 522.348449707
746.171386719 520.666687012
745.037231445 519.01940918
743.852355957 517.408325195
742.617858887 515.834899902
741.334960938 514.30065918
740.004882812 512.807128906
738.628967285 511.355712891
737.208557129 509.947906494
735.744934082 508.584991455
734.239624023 507.268310547
732.693969727 505.999176025
731.109558105 504.778778076
729.487976074 503.608306885
727.830627441 502.488922119
726.139282227 501.421661377
724.415527344 500.407623291
722.661010742 499.447753906
720.877441406 498.542999268
719.066589355 497.694213867
717.230163574 496.902252197
715.369934082 496.16784668
713.487792969 495.491729736
711.585449219 494.874572754
709.673706055 494.287017822
707.761962891 493.699523926
705.850219727 493.112030029
703.938476562 492.524536133
702.026733398 491.937042236
700.114990234 491.34954834
698.20324707 490.762054443
696.291503906 490.174560547
694.379760742 489.58706665
692.468017578 488.999572754
690.556274414 488.412078857
688.64453125 487.824584961
686.732788086 487.237091064
684.821044922 486.649597168
682.909301758 486.062103271
680.997558594 485.474609375
679.08581543 484.887115479
677.174072266 484.299621582
675.262329102 483.712127686
673.350585938 483.124633789
671.438842773 482.537139893
669.527099609 481.949645996
667.615356445 481.3621521
665.703613281 480.774658203
663.791870117 480.187164307
661.880126953 479.59967041
659.968383789 479.012176514
658.056640625 478.424682617
656.144897461 477.837188721
654.233154297 477.249694824
652.321411133 476.662200928
650.409667969 476.074707031
648.497924805 475.487213135
646.586181641 474.899719238
644.674438477 474.312225342
642.762695312 473.724731445
640.850952148 473.137237549
638.939208984 472.549743652
637.02746582 471.962249756
635.115722656 471.374755859
633.203979492 470.787261963
631.292236328 470.199768066
629.380493164 469.61227417
627.46875 469.024780273
625.557006836 468.437286377
623.645263672 467.84979248
621.733520508 467.262298584
619.821777344 466.674804688
617.91003418 466.087310791
615.998291016 465.499816895
614.086547852 464.912322998
612.174804688 464.324829102
610.263061523 463.737335205
608.351318359 463.149841309
606.439575195 462.562347412
604.527832031 461.974853516
602.616088867 461.387359619
600.704345703 460.799865723
598.792602539 460.212371826
596.880859375 459.62487793
594.969116211 459.037384033
593.057373047 458.449890137
591.145629883 457.86239624
589.233886719 457.274902344
587.322143555 456.687408447
585.410400391 456.099914551
583.498657227 455.512420654
581.586914062 454.924926758
579.675170898 454.337432861
577.763427734 453.749938965
575.85168457 453.162445068
573.939941406 452.574951172
572.028198242 451.987457275
570.116455078 451.399963379
568.204711914 450.812469482
566.29296875 450.224975586
564.381225586 449.637481689
562.469482422 449.049987793
560.557739258 448.462493896
558.645996094 447.875
556.73425293 447.287506104
554.822509766 446.700012207
552.910766602 446.112518311
550.999023438 445.525024414
549.087280273 444.937530518
547.175537109 444.350036621
545.263793945 443.762542725
543.352050781 443.175048828
541.440307617 442.587554932
539.528564453 442.000061035
537.616821289 441.412567139
535.705078125 440.825073242
533.793334961 440.237579346
531.881591797 439.650085449
529.969848633 439.062591553
528.058105469 438.475097656
526.146362305 437.88760376
524.234619141 437.300109863
522.322875977 436.712615967
520.411132812 436.12512207
518.499389648 435.537628174
516.587646484 434.950134277
514.67590332 434.362640381
512.764160156 433.775146484
510.852386475 433.187652588
508.940612793 432.600158691
507.028839111 432.012664795
505.11706543 431.425170898
503.205291748 430.837677002
501.293518066 430.250183105
499.381744385 429.662689209
497.469970703 429.075195312
495.558197021 428.487701416
493.64642334 427.90020752
491.734649658 427.312713623
489.822875977 426.725219727
487.911102295 426.13772583
485.999328613 425.550231934
484.087554932 424.962738037
482.17578125 424.375244141
480.264007568 423.787750244
478.352233887 423.200256348
476.440460205 422.612762451
474.528686523 422.025268555
472.616912842 421.437774658
470.70513916 420.850280762
468.793365479 420.262786865
466.881591797 419.675292969
464.969818115 419.087799072
463.058044434 418.500305176
461.146270752 417.912811279
459.23449707 417.325317383
457.322723389 416.737823486
455.410949707 416.15032959
453.499176025 415.562835693
451.587402344 414.975341797
449.675628662 414.3878479
447.76385498 413.800354004
445.852081299 413.212860107
443.940307617 412.625366211
442.028533936 412.037872314
440.116760254 411.450378418
438.204986572 410.862884521
436.293212891 410.275390625
434.381439209 409.687896729
432.469665527 409.100402832
430.557891846 408.512908936
428.646118164 407.925415039
426.734344482 407.337921143
424.822570801 406.750427246
422.910797119 406.16293335
420.999023438 405.575439453
419.087249756 404.987945557
417.175476074 404.40045166
415.263702393 403.812957764
413.351928711 403.225463867
411.440155029 402.637969971
409.528381348 402.050476074
407.616607666 401.462982178
405.704833984 400.875488281
403.793060303 400.287994385
401.881286621 399.700500488
399.969512939 399.113006592
398.057739258 398.525512695
396.145965576 397.938018799
394.234191895 397.350524902
392.322418213 396.763031006
390.410644531 396.175537109
388.49887085 395.588043213
386.587097168 395.000549316
384.675323486 394.41305542
382.763549805 393.825561523
380.851776123 393.238067627
378.940002441 392.65057373
377.02822876 392.063079834
375.116455078 391.475585938
373.204681396 390.888092041
371.292907715 390.300598145
369.381134033 389.713104248
367.469360352 389.125610352
365.55758667 388.538116455
363.645812988 387.950622559
361.734039307 387.363128662
359.822265625 386.775634766
357.910491943 386.188140869
355.998718262 385.600646973
354.08694458 385.013153076
352.175170898 384.42565918
350.263397217 383.838165283
348.351623535 383.250671387
346.439849854 382.66317749
344.528076172 382.075683594
342.61630249 381.488189697
340.704528809 380.900695801
338.792755127 380.313201904
336.880981445 379.725708008
334.969207764 379.138214111
333.057434082 378.550720215
331.1456604 377.963226318
329.233886719 377.375732422
327.322113037 376.788238525
325.410339355 376.200744629
323.498565674 375.613250732
321.586791992 375.025756836
319.675018311 374.438262939
317.763244629 373.850769043
315.851470947 373.263275146
313.939697266 372.67578125
312.027923584 372.088287354
310.116149902 371.500793457
308.204376221 370.913299561
306.292602539 370.325805664
304.380828857 369.738311768
302.469055176 369.150817871
300.557281494 368.563323975
298.645507812 367.975830078
296.733734131 367.388336182
294.821960449 366.800842285
292.910186768 366.213348389
290.998413086 365.625854492
289.086639404 365.038360596
287.174865723 364.450866699
285.263092041 363.863372803
283.351318359 363.275878906
281.439544678 362.68838501
279.527770996 362.100891113
277.615997314 361.513397217
275.704223633 360.92590332
273.792449951 360.338409424
271.88067627 359.750915527
269.968902588 359.163421631
268.057128906 358.575927734
266.145355225 357.988433838
264.233581543 357.400939941
262.321807861 356.813446045
260.41003418 356.225952148
258.498260498 355.638458252
256.586486816 355.050964355
254.674713135 354.463470459
252.762939453 353.875976562
250.851165771 353.288482666
248.93939209 352.70098877
247.027618408 352.113494873
245.115844727 351.526000977
243.204071045 350.93850708
241.292297363 350.351013184
239.380523682 349.763519287
237.46875 349.176025391
235.556976318 348.588531494
233.645202637 348.001037598
231.733428955 347.413543701
229.821655273 346.826049805
227.909881592 346.238555908
225.99810791 345.651062012
224.086334229 345.063568115
222.174560547 344.476074219
220.262786865 343.888580322
218.351013184 343.301086426
216.439239502 342.713592529
214.52746582 342.126098633
212.615692139 341.538604736
210.703918457 340.95111084
208.792144775 340.363616943
206.880371094 339.776123047
204.968597412 339.18862915
203.05682373 338.601135254
201.145050049 338.013641357
199.233276367 337.426147461
197.321502686 336.838653564
195.409729004 336.251159668
193.497955322 335.663665771
191.586181641 335.076171875
189.674407959 334.488677979
187.762634277 333.901184082
185.850860596 333.313690186
183.939086914 332.726196289
182.027313232 332.138702393
180.115539551 331.551208496
178.203765869 330.9637146
176.291992188 330.376220703
174.380218506 329.788726807
172.468444824 329.20123291
170.556671143 328.613739014
168.644897461 328.026245117
166.733123779 327.438751221
164.821350098 326.851257324
162.909576416 326.263763428
160.997802734 325.676269531
159.086029053 325.088775635
157.174255371 324.501281738
155.262481689 323.913787842
153.350708008 323.326293945
151.438934326 322.738800049
149.527160645 322.151306152
147.615386963 321.563812256
145.703613281 320.976318359
143.7918396 320.388824463
141.880065918 319.801330566
139.968292236 319.21383667
138.056518555 318.626342773
136.135910034 318.068725586
134.198867798 317.57119751
132.247268677 317.134216309
130.283004761 316.758239746
128.307983398 316.443634033
126.324127197 316.190673828
124.333351135 315.999633789
122.337600708 315.870666504
120.338790894 315.803894043
118.338874817 315.799438477
116.339797974 315.857269287
114.343482971 315.977325439
112.351875305 316.159484863
110.366912842 316.403594971
108.390510559 316.709381104
106.424591064 317.076599121
104.471061707 317.504821777
102.531814575 317.993713379
100.608734131 318.542755127
98.7036895752 319.151428223
96.8185195923 319.819122314
94.9550628662 320.545196533
93.1151123047 321.328979492
91.3004684448 322.169647217
89.5128860474 323.066436768
87.7541046143 324.018463135
86.0258178711 325.024810791
84.3297195435 326.084472656
82.6674423218 327.196472168
81.0406036377 328.359680176
79.4507904053 329.572998047
77.8995285034 330.835235596
76.3883209229 332.145172119
74.9186401367 333.501525879
73.4919204712 334.903015137
72.1095352173 336.348236084
70.7728271484 337.83581543
69.4831008911 339.36428833
68.2416000366 340.932189941
67.0495300293 342.538024902
65.9080505371 344.180175781
64.8182678223 345.857086182
63.7812309265 347.567138672
62.7979545593 349.308654785
61.8693885803 351.079925537
60.9964447021 352.879272461
60.1799545288 354.704925537
59.4207191467 356.555145264
58.7194747925 358.428100586
58.0768966675 360.321960449
57.4936180115 362.234954834
56.9701957703 364.165161133
56.5071372986 366.110717773
56.1048965454 368.069793701
55.7638587952 370.040405273
55.4843673706 372.020721436
55.2666778564 374.008758545
55.1110076904 376.002593994
55.0175018311 378.000335693
54.9862670898 380.000030518
54.9863586426 378.0
54.9864501953 376.0
54.986541748 374.0
54.9866333008 372.0
54.9867248535 370.0
54.9868164062 368.0
54.986907959 366.0
54.9869995117 364.0
54.9870910645 362.0
54.9871826172 360.0
54.9872741699 358.0
54.9873657227 356.0
54.9874572754 354.0
54.9875488281 352.0
54.9876403809 350.0
54.9877319336 348.0
54.9878234863 346.0
54.9879150391 344.0
54.9880065918 342.0
54.9880981445 340.0
54.9881896973 338.0
54.98828125 336.0
54.9883728027 334.0
54.9884643555 332.0
54.9885559082 330.0
54.9886474609 328.0
54.9887390137 326.0
54.9888305664 324.0
54.9889221191 322.0
54.9890136719 320.0
54.9891052246 318.0
54.9891967773 316.0
54.9892883301 314.0
54.9893798828 312.0
54.9894714355 310.0
54.9895629883 308.0
54.989654541 306.0
54.9897460938 304.0
54.9898376465 302.0
54.9899291992 300.0
54.990020752 298.0
54.9901123047 296.0
54.9902038574 294.0
54.9902954102 292.0
54.9903869629 290.0
54.9904785156 288.0
54.9905700684 286.0
54.9906616211 284.0
54.9907531738 282.0
54.9908447266 280.0
54.9909362793 278.0
54.991027832 276.0
54.9911193848 274.0
54.9912109375 272.0
54.9913024902 270.0
54.991394043 268.0
54.9914855957 266.0
54.9915771484 264.0
54.9916687012 262.0
54.9917602539 260.0
54.9918518066 258.0
54.9919433594 256.0
54.9920349121 254.0
54.9921264648 252.0
54.9922180176 250.0
54.9923095703 248.0
54.992401123 246.0
54.9924926758 244.0
54.9925842285 242.0
54.9926757812 240.0
54.992767334 238.0
54.9928588867 236.0
54.9929504395 234.0
54.9930419922 232.0
54.9931335449 230.0
54.9932250977 228.0
54.9933166504 226.0
54.9934082031 224.0
54.9934997559 222.0
54.9935913086 220.0
54.9936828613 218.0
54.9937744141 216.0
54.9938659668 214.0
54.9939575195 212.0
54.9940490723 210.0
54.994140625 208.0
54.9942321777 206.0
54.9943237305 204.0
54.9944152832 202.0
54.9945068359 200.0
54.9945983887 198.0
54.9946899414 196.0
54.9947814941 194.0
54.9948730469 192.0
54.9949645996 190.0
54.9950561523 188.0
54.9951477051 186.0
54.9952392578 184.0
54.9953308105 182.0
54.9954223633 180.0
54.995513916 178.0
54.9956054688 176.0
54.9956970215 174.0
54.9957885742 172.0
54.995880127 170.0
54.9959716797 168.0
54.9960632324 166.0
54.9961547852 164.0
54.9962463379 162.0
54.9963378906 160.0
54.9964294434 158.0
54.9965209961 156.0
54.9966125488 154.0
54.9967041016 152.0
54.9967956543 150.0
54.996887207 148.0
54.9969787598 146.0
54.9970703125 144.0
54.9971618652 142.0
54.997253418 140.0
54.9973449707 138.0
54.9974365234 136.0
54.9975280762 134.0
54.9976196289 132.0
54.9977111816 130.0
54.9978027344 128.0
54.9978942871 126.0
54.9979858398 124.0
54.9980773926 122.0
54.9981689453 120.0
54.998260498 118.0
54.9983520508 116.0
54.9984436035 114.0
54.9985351562 112.0
54.998626709 110.0
54.9987182617 108.0
54.9988098145 106.0
54.9989013672 104.0
54.9989929199 102.0
54.9990844727 100.0
54.9991760254 98.0
54.9992675781 96.0
54.9993591309 94.0
54.9994506836 92.0
54.9995422363 90.0
54.9996337891 88.0
54.9997253418 86.0
54.9998168945 84.0
54.9999084473 82.0
55.0 80.0